0.051210442	1.94E-06
0.051149547	1.80E-06
0.051076303	1.70E-06
0.05100412	1.63E-06
0.050933572	1.59E-06
0.050865515	1.62E-06
0.050785466	1.69E-06
0.05071946	1.76E-06
0.050653476	1.84E-06
0.050574031	1.93E-06
0.050507479	1.99E-06
0.050425777	2.02E-06
0.050358634	2.07E-06
0.05029267	2.15E-06
0.050213408	2.24E-06
0.05014858	2.35E-06
0.050083808	2.46E-06
0.050018623	2.57E-06
0.049967262	2.67E-06
0.049901511	2.76E-06
0.049847878	2.80E-06
0.049792379	2.79E-06
0.049736659	2.78E-06
0.049694601	2.76E-06
0.049654655	2.80E-06
0.049600938	2.84E-06
0.049559827	2.84E-06
0.049530585	2.79E-06
0.049489008	2.79E-06
0.049447757	2.79E-06
0.049417625	2.71E-06
0.049373025	2.62E-06
0.049342717	2.54E-06
0.049299927	2.50E-06
0.04927171	2.48E-06
0.049243767	2.47E-06
0.049202068	2.46E-06
0.049175228	2.48E-06
0.049148227	2.49E-06
0.049108545	2.54E-06
0.049083831	2.61E-06
0.049062897	2.80E-06
0.049030354	3.05E-06
0.049011132	3.30E-06
0.048980801	3.63E-06
0.048966884	4.06E-06
0.048953897	4.52E-06
0.048928408	5.05E-06
0.048922251	5.78E-06
0.048920969	6.71E-06
0.048911705	7.89E-06
0.048921732	9.34E-06
0.048938466	1.11E-05
0.048958254	1.31E-05
0.0489805	1.53E-05
0.049004538	1.77E-05
0.049044443	2.03E-05
0.049074533	2.31E-05
0.049103873	2.60E-05
0.049145019	2.89E-05
0.049170911	3.18E-05
0.049197117	3.48E-05
0.049230693	3.74E-05
0.049248813	4.01E-05
0.049284193	4.30E-05
0.049308804	4.61E-05
0.049343357	4.90E-05
0.049376643	5.19E-05
0.049392491	5.47E-05
0.049421326	5.74E-05
0.049448425	6.00E-05
0.049454225	6.22E-05
0.049471499	6.43E-05
0.049487387	6.62E-05
0.049487787	6.81E-05
0.049499283	6.98E-05
0.049510588	7.16E-05
0.049531423	7.39E-05
0.049538038	7.63E-05
0.049558287	7.87E-05
0.049583189	8.14E-05
0.049608905	8.52E-05
0.049659327	8.98E-05
0.049718837	9.52E-05
0.049781153	0.000101856
0.049873446	0.000109864
0.049985996	0.000119604
0.050105552	0.000131252
0.050265526	0.000145324
0.050442116	0.000162376
0.050657967	0.000182088
0.050886944	0.000204861
0.051162899	0.000231347
0.05146715	0.00026278
0.051817455	0.000298378
0.052199106	0.000339891
0.052643133	0.000387883
0.053131912	0.000444126
0.053676881	0.000508822
0.054293865	0.000582588
0.054974807	0.000668778
0.055718189	0.000766145
0.056540321	0.00087753
0.057448516	0.001004861
0.058457293	0.001148913
0.059547323	0.001312692
0.060739623	0.001498207
0.06207624	0.00171355
0.063557947	0.001963948
0.065120907	0.002234902
0.066826291	0.002541183
0.068639965	0.002878699
0.070589952	0.003254436
0.072780818	0.003695398
0.075146476	0.004184744
0.077554761	0.004705515
0.080113434	0.00527314
0.082816049	0.005898117
0.085653425	0.00657097
0.088609296	0.007300607
0.091674751	0.008081762
0.094726132	0.00887765
0.097844103	0.009721451
0.100905857	0.010574182
0.103985158	0.011447449
0.106937247	0.012313909
0.109810486	0.013177771
0.11253685	0.014016671
0.115201129	0.014853749
0.117613895	0.015628455
0.119964939	0.016396934
0.122075303	0.017100444
0.124188651	0.017815149
0.12599832	0.018449715
0.12776736	0.019068389
0.129297038	0.01961346
0.130788521	0.02015105
0.131983235	0.020602851
0.133194558	0.021053211
0.134192146	0.021432741
0.135235767	0.021842308
0.136020501	0.022152209
0.136672115	0.022428252
0.137515523	0.022762361
0.13822193	0.023061172
0.139033242	0.023387482
0.139711166	0.023679411
0.14052058	0.024008534
0.141182384	0.024297831
0.141813007	0.024564931
0.142457294	0.024850649
0.142895099	0.0250616
0.143207588	0.025214507
0.143564865	0.02539706
0.143660282	0.02548291
0.143414292	0.025441981
0.14272386	0.025236007
0.142014493	0.025010811
0.141096374	0.024721461
0.140066616	0.024391806
0.13908831	0.024082009
0.138154997	0.023789521
0.137032217	0.023428927
0.135880499	0.023059179
0.134623009	0.022652768
0.133231141	0.022200053
0.131754875	0.021708188
0.130082192	0.021161369
0.128415834	0.02062052
0.126665284	0.02005419
0.124884016	0.019481562
0.123085666	0.018907618
0.121300165	0.018342697
0.11955571	0.017796196
0.117882792	0.017267967
0.116270884	0.016774101
0.114744337	0.01631194
0.113293831	0.01587783
0.111948457	0.015471272
0.110662073	0.015095608
0.10944849	0.014745384
0.108280363	0.014411539
0.107182087	0.014092644
0.1061462	0.013803761
0.105170375	0.013526295
0.104232194	0.013270373
0.103370723	0.013039108
0.102569729	0.012818866
0.101831141	0.012618507
0.101128644	0.012438022
0.10051188	0.012275809
0.099941252	0.012127951
0.099422699	0.011996106
0.09889491	0.011869764
0.098473477	0.011767481
0.098092308	0.011677364
0.097731501	0.011593416
0.09737547	0.011503107
0.097023261	0.0114219
0.096660552	0.011337651
0.096224764	0.011231844
0.095787267	0.0111257
0.095320579	0.011003452
0.09480291	0.010874161
0.094171413	0.010711859
0.093532716	0.010540502
0.092818778	0.010355438
0.092002261	0.010134226
0.091166081	0.009915862
0.090285596	0.009678906
0.08937883	0.009443071
0.08843927	0.009192548
0.087503587	0.00895172
0.086553194	0.008701709
0.085572839	0.008445383
0.084655842	0.008214814
0.083747176	0.007981688
0.08290382	0.007767815
0.082113659	0.007569599
0.081379502	0.007387495
0.080758624	0.007236246
0.08015399	0.007096005
0.079674824	0.006983058
0.079234475	0.006880591
0.078894906	0.006798638
0.078583911	0.006730109
0.078323557	0.006674733
0.078155339	0.00664309
0.077998372	0.006608577
0.077875893	0.006588695
0.077706288	0.006556737
0.077549448	0.006522326
0.077304824	0.006465535
0.076954586	0.006387651
0.076545779	0.00628949
0.075987225	0.006153977
0.075335488	0.005995946
0.074493943	0.005797361
0.073569838	0.005575008
0.072548936	0.005331634
0.071452198	0.005068172
0.070273654	0.004794222
0.069081183	0.004521314
0.067844143	0.004242759
0.066622981	0.003972689
0.065418419	0.003711199
0.064303369	0.003469725
0.063240764	0.003247907
0.06225801	0.003046648
0.061433634	0.002877375
0.060668416	0.002726369
0.060023428	0.002597763
0.05941753	0.002482062
0.058865358	0.002374694
0.058277977	0.002265319
0.057657152	0.002147715
0.056976106	0.002023933
0.05622209	0.001885733
0.055391079	0.001739589
0.054485951	0.001580891
0.053540346	0.001422382
0.052544931	0.001257677
0.05157103	0.001104494
0.050626689	0.000958841
0.049742797	0.000827679
0.048910878	0.000711237
0.048163202	0.000608868
0.047530395	0.000527566
0.046986683	0.000458643
0.046536836	0.00040537
0.046155307	0.000360122
0.045851821	0.000326808
0.045614742	0.000300123
0.045421945	0.000280438
0.045274413	0.000264429
0.045173501	0.000255145
0.045106663	0.000248039
0.045103031	0.000249166
0.045133514	0.000253925
0.045301357	0.000271985
0.045529527	0.000298648
0.046017591	0.000354233
0.046633389	0.000429576
0.047608966	0.000555292
0.048871063	0.000727121
0.050650411	0.000991265
0.052874596	0.001349553
0.055715631	0.001843764
0.0591717	0.002501125
0.063435171	0.003382414
0.068457452	0.004509247
0.074300812	0.005922907
0.08096948	0.007669972
0.08854734	0.009806426
0.0968794	0.012317793
0.105801272	0.015198314
0.115374885	0.018485975
0.125491085	0.022167553
0.135983122	0.026198415
0.146660562	0.030496024
0.157537113	0.035094953
0.168545461	0.039952804
0.179392307	0.04493095
0.190062311	0.050005819
0.200564563	0.055166445
0.210809321	0.060376521
0.220843164	0.065598549
0.230634031	0.070824048
0.24022082	0.076060887
0.249898357	0.081491619
0.259170736	0.086776347
0.268254396	0.092051827
0.277201832	0.097372021
0.286026051	0.102675904
0.294748882	0.108035038
0.303325555	0.11335029
0.311799522	0.118711252
0.320145925	0.124027311
0.328333348	0.129345361
0.336402809	0.134651134
0.344799339	0.140233759
0.352580754	0.145430796
0.36020647	0.150616478
0.367498658	0.155626595
0.374755572	0.160658151
0.381819103	0.165600325
0.388690953	0.170450091
0.39539661	0.175177025
0.401845835	0.179802185
0.408072051	0.184301216
0.414068901	0.188665908
0.41981914	0.192880356
0.425390766	0.196990215
0.430754487	0.200971713
0.435792323	0.204687867
0.44063295	0.20832531
0.44528064	0.211837277
0.449686134	0.215185355
0.453821181	0.218296451
0.457829169	0.221374275
0.461602689	0.224288039
0.46498946	0.226871038
0.468282722	0.229442264
0.471290531	0.231754604
0.474208849	0.2340568
0.47686234	0.236112662
0.479436081	0.238164659
0.481753132	0.239974014
0.483987649	0.241776535
0.486021463	0.243376943
0.487987527	0.244928273
0.489761209	0.246388166
0.49155777	0.247814624
0.493438752	0.249361207
0.495242767	0.250797679
0.497144221	0.252311024
0.498929304	0.253790997
0.500725103	0.255227415
0.502613252	0.25673704
0.504390991	0.258163538
0.506239464	0.259701235
0.507886012	0.261030183
0.509614519	0.262424321
0.511320577	0.263802825
0.512897053	0.265082363
0.514566527	0.266380456
0.516185943	0.267696372
0.517770178	0.268986416
0.519209633	0.270164949
0.520731834	0.27135357
0.5221903	0.272549401
0.523599536	0.273707964
0.524975952	0.274785842
0.526277621	0.275862277
0.52753966	0.276852272
0.528738975	0.27779377
0.529851915	0.2787246
0.530914821	0.279560226
0.531904176	0.28033851
0.532816387	0.281056519
0.533648346	0.281711702
0.534192825	0.282197518
0.534872737	0.282733425
0.535553961	0.283270583
0.536236962	0.283809361
0.536943044	0.28430953
0.537630635	0.284852327
0.538320501	0.28539714
0.538895685	0.285851553
0.539587477	0.286398294
0.540303233	0.286906952
0.540883265	0.287365688
0.541581751	0.287918312
0.542164607	0.288379624
0.542770224	0.288801713
0.543355257	0.289265028
0.543942066	0.289729907
0.544669446	0.290248854
0.545259202	0.290716381
0.545850274	0.291185109
0.546465023	0.291615171
0.547058331	0.292085957
0.547652483	0.292557573
0.548271013	0.292990996
0.548749394	0.293370935
0.549347365	0.293845998
0.549946683	0.294322293
0.550569687	0.294759738
0.551172767	0.295239314
0.551654938	0.295622857
0.552259494	0.296103901
0.552744127	0.296489639
0.553229146	0.296875789
0.553836783	0.297359711
0.55432379	0.297747681
0.554811685	0.298136463
0.555299971	0.298525663
0.555788651	0.298915282
0.556278722	0.299306117
0.556770192	0.299698173
0.557262061	0.300090655
0.557752822	0.300482358
0.558244481	0.300874884
0.558614572	0.301170424
0.559108821	0.301565204
0.559600943	0.301958391
0.559990295	0.302211093
0.560486081	0.302607366
0.560981763	0.303003664
0.561472242	0.303395906
0.561843239	0.303692667
0.562215258	0.303990305
0.562710033	0.304386249
0.563080172	0.304682522
0.563455953	0.304983372
0.56395918	0.305386351
0.564334125	0.305686673
0.56471217	0.30598954
0.565091776	0.306293719
0.565597021	0.30669867
0.565976834	0.307003159
0.566358217	0.30730897
0.566739618	0.307614857
0.567121035	0.307920819
0.567504032	0.308228111
0.567887569	0.308535899
0.568246082	0.308882655
0.568631177	0.309191841
0.569016295	0.309501107
0.569400384	0.309809611
0.569787645	0.310120725
0.570174404	0.3104315
0.570431671	0.310638258
0.570819347	0.310949875
0.57107828	0.311158043
0.571466349	0.311470082
0.571853912	0.311781778
0.572088795	0.312029975
0.572479352	0.312344206
0.572737731	0.312552127
0.573128687	0.312866785
0.57338928	0.313076557
0.573780102	0.313391216
0.574041318	0.313601561
0.574302783	0.313812135
0.574536987	0.314060222
0.574928904	0.314375975
0.575190673	0.314586908
0.57545323	0.314798505
0.575717113	0.315011199
0.576111263	0.315328945
0.576345847	0.315577667
0.576608426	0.315789425
0.576872335	0.316002284
0.5771338	0.3162132
0.577396595	0.316425217
0.577634369	0.316676759
0.577896551	0.316888353
0.578161151	0.317101927
0.578424922	0.317314861
0.578660266	0.317564645
0.578790997	0.317670211
0.579055907	0.317884151
0.57929283	0.318135349
0.579557125	0.318348863
0.579688823	0.318455267
0.579955136	0.318670454
0.580194411	0.318923737
0.580457379	0.319136292
0.580589504	0.319243099
0.580856133	0.319458657
0.581093942	0.319710936
0.581225273	0.319817143
0.58135831	0.319924737
0.581599799	0.320180112
0.581731914	0.32028699
0.581996335	0.320500919
0.582102683	0.320647074
0.58237075	0.320864012
0.582501029	0.320969452
0.582633572	0.321076733
0.58273957	0.321222702
0.582869467	0.321327861
0.583000528	0.32143397
0.583107735	0.321580986
0.583241663	0.321689437
0.583373448	0.32179616
0.583501982	0.321900257
0.583606028	0.322044797
0.583739088	0.32215258
0.583872211	0.322260422
0.584002633	0.322366083
0.5841024	0.322507237
0.584231263	0.322611655
0.584363511	0.322718823
0.584468916	0.322864613
0.584596283	0.322967845
0.584715942	0.323064837
0.584814234	0.323204927
0.584943975	0.32331011
0.585073777	0.32341535
0.585168273	0.323552428
0.585278723	0.323641993
0.585371036	0.323777352
0.585494355	0.323877371
0.585615503	0.323975635
0.585708452	0.324111572
0.585828575	0.324209023
0.585915997	0.324340525
0.586035735	0.324437681
0.586139272	0.324521697
0.586218632	0.324646715
0.586327812	0.324735324
0.58640162	0.324855882
0.586516448	0.324949091
0.586592836	0.325071788
0.58666609	0.32513126
0.586758678	0.325206432
0.586826958	0.325322596
0.586928217	0.32540482
0.58698789	0.325514038
0.587033286	0.325550905
0.587120397	0.325621653
0.587183119	0.32573339
0.587262116	0.325797559
0.587316215	0.32590233
0.587384051	0.32595744
0.587463102	0.326021663
0.58752025	0.326128956
0.587554525	0.326156806
0.587507815	0.326179737
0.587536487	0.326203036
0.587565604	0.326287608
0.58759428	0.326310913
0.587589775	0.326368189
0.587618452	0.326391496
0.58766394	0.326428467
0.587681825	0.326503969
0.587744132	0.326554617
0.587776249	0.326641719
0.587805312	0.326726366
0.587845219	0.326758812
0.5879023	0.326866271
0.588015124	0.326958013
0.588080866	0.327072557
0.588182534	0.327155242
0.58824829	0.327269839
0.588355631	0.327357151
0.588446439	0.327492172
0.588545661	0.327572894
0.588636504	0.327707992
0.588713534	0.327831888
0.588812844	0.327912704
0.588903723	0.328047916
0.589003097	0.328128798
0.589080176	0.328252824
0.589162883	0.328381468
0.589293084	0.32848747
0.589375826	0.328616192
0.589469841	0.32875413
0.589591956	0.328853579
0.589686015	0.328991605
0.589774441	0.32912508
0.589902324	0.329229258
0.589996435	0.329367416
0.590096202	0.329510222
0.590210336	0.329603228
0.590315802	0.32975073
0.590421283	0.329898286
0.590549444	0.330002755
0.590641076	0.330139075
0.590752286	0.330291396
0.590849598	0.330432427
0.590977941	0.330537091
0.591069636	0.330673592
0.591175269	0.330821501
0.59127265	0.330962721
0.591398576	0.331065458
0.591509952	0.331218149
0.591607396	0.331359513
0.591704849	0.331500924
0.591802311	0.331642382
0.59193414	0.331749995
0.592025968	0.331886907
0.592123489	0.332028505
0.592221018	0.332170151
0.592324247	0.332316491
0.592413501	0.332451457
0.592545593	0.332559358
0.592648887	0.332705846
0.59273819	0.332840943
0.592841506	0.332987529
0.592930822	0.333122715
0.593028456	0.333264737
0.59311208	0.333395347
0.593215434	0.333542125
0.593299065	0.333672817
0.593411791	0.333764994
0.593495453	0.333895759
0.593590542	0.334035908
0.593679924	0.334171429
0.593769311	0.334306991
0.593858701	0.334442595
0.593948097	0.334578241
0.594037496	0.334713929
0.594121177	0.334844976
0.594204859	0.334976061
0.594303838	0.335057086
0.594393275	0.33519293
0.594474364	0.335321976
0.594558076	0.335453208
0.594616239	0.335563551
0.594674391	0.335673919
0.594746626	0.335795856
0.594816231	0.335915674
0.59488583	0.336035523
0.594955424	0.336155402
0.595019274	0.336270608
0.595088856	0.336390547
0.595152691	0.33650581
0.595216519	0.3366211
0.595266224	0.336724846
0.595330033	0.336840189
0.595388089	0.336950848
0.595432014	0.33704995
0.595484302	0.337155943
0.5955282	0.337255085
0.595577832	0.337358963
0.595635831	0.337469737
0.595649765	0.337607629
0.595693587	0.337706859
0.595731644	0.337801389
0.595774024	0.337899496
0.595810637	0.337992901
0.595851573	0.338089885
0.595879577	0.33817628
0.595913316	0.338267414
0.595939872	0.338352679
0.595966411	0.338437957
0.595990105	0.338520928
0.595989365	0.338647415
0.596017344	0.338733986
0.596038138	0.338814683
0.596058914	0.338895392
0.596071091	0.338969063
0.596089003	0.339047473
0.596101144	0.339121167
0.596116192	0.339197278
0.596131221	0.3392734
0.5961073	0.339381344
0.596115108	0.339451605
0.59612007	0.339519553
0.596123601	0.339586349
0.596127114	0.339653155
0.596129195	0.339718809
0.596099378	0.339822242
0.596087078	0.33987614
0.596080512	0.339934779
0.596076853	0.339995833
0.596073176	0.340056897
0.596068068	0.340116809
0.596019463	0.34020511
0.595999986	0.340253266
0.595980495	0.340301433
0.595958164	0.340347285
0.595941564	0.340397877
0.595917792	0.340442588
0.595867674	0.340529959
0.595841179	0.340572495
0.595813541	0.340614112
0.595778881	0.340649967
0.59574294	0.340684789
0.595680862	0.340762574
0.595653824	0.340804794
0.595619909	0.340841371
0.595578979	0.340872189
0.595531038	0.340897253
0.595481808	0.340921274
0.59539475	0.340978773
0.595354401	0.341010173
0.595312756	0.341040527
0.595270458	0.341070363
0.595216699	0.341090773
0.595162938	0.341111201
0.595089736	0.34118041
0.595047399	0.341210317
0.594999332	0.341235522
0.594945542	0.341256026
0.59488603	0.341271832
0.594807008	0.341336493
0.594764626	0.341366486
0.594716522	0.341391782
0.594656989	0.341407671
0.594603166	0.341428288
0.594566466	0.341463051
0.594510157	0.341546743
0.594473422	0.341581543
0.594413856	0.341597525
0.594354289	0.341613526
0.594300423	0.341634251
0.594246554	0.341654993
0.594155901	0.341710639
0.594084925	0.341717322
0.594013954	0.341724027
0.593954377	0.341740156
0.593900491	0.341761004
0.593823838	0.341763074
0.593687619	0.341781379
0.593576873	0.341755354
0.59348321	0.341743452
0.593389568	0.341731583
0.593273232	0.341700991
0.593105858	0.341628269
0.592921568	0.341541592
0.592754395	0.341469065
0.592598645	0.341405984
0.592417526	0.34138754
0.59226194	0.34132464
0.592078172	0.34123848
0.591838044	0.34110579
0.591536067	0.34092204
0.591240057	0.340743237
0.591017544	0.340625141
0.590817709	0.340525787
0.590573048	0.340389433
0.590219047	0.340228506
0.589885197	0.340018557
0.589641354	0.33988294
0.589459283	0.339798341
0.589294108	0.339727704
0.589106666	0.339638698
0.58889142	0.339526751
0.58869308	0.339428777
0.588464036	0.339371275
0.588265984	0.339273581
0.58812375	0.339221986
0.58803724	0.339216418
0.587950745	0.339210879
0.587864265	0.339205371
0.587777801	0.339199893
0.587691351	0.339194445
0.587604917	0.339189027
0.587518497	0.339183639
0.587487627	0.339224151
0.587401219	0.339218809
0.587339433	0.339299901
0.587308521	0.339340465
0.587277596	0.339381042
0.587191184	0.339375795
0.587160243	0.3394164
0.587129288	0.339457018
0.587098321	0.339497648
0.587011911	0.339492479
0.586925516	0.33948734
0.586894528	0.339528014
0.586863526	0.339568701
0.586832512	0.3396094
0.586801485	0.339650112
0.586770445	0.339690836
0.586684043	0.339685808
0.586652986	0.33972656
0.586621916	0.339767325
0.586559738	0.339848893
0.586473332	0.339843959
0.58644222	0.339884778
0.586355824	0.339879891
0.586324694	0.339920738
0.586293551	0.339961597
0.586262396	0.34000247
0.586176001	0.339997661
0.586144828	0.340038562
0.586113642	0.340079475
0.586082444	0.340120401
0.58599605	0.340115671
0.585964834	0.340156626
0.585933605	0.340197593
0.585902363	0.340238573
0.585871108	0.340279565
0.58583984	0.34032057
0.585808559	0.340361587
0.58583239	0.340448259
0.585801075	0.340489298
0.585769747	0.34053035
0.585738407	0.340571413
0.585707053	0.34061249
0.585675686	0.340653579
0.585512263	0.340585306
0.585535941	0.340672031
0.585504547	0.340713164
0.58547314	0.340754308
0.585441721	0.340795466
0.585333382	0.340772912
0.585301948	0.3408141
0.585325498	0.340900877
0.585294029	0.340942087
0.585130729	0.340874057
0.585099254	0.340915301
0.585122715	0.341002104
0.585014408	0.340979708
0.584951374	0.341062287
0.584843095	0.341039969
0.584811557	0.341081295
0.584780006	0.341122635
0.58461691	0.341054915
0.584585352	0.341096289
0.584477154	0.341074128
0.584445582	0.341115532
0.584282642	0.341048004
0.584251063	0.341089443
0.584142948	0.34106742
0.583980158	0.341000062
0.584003268	0.341086927
0.583840539	0.341019651
0.583808937	0.341061173
0.583669317	0.341080883
0.583637687	0.341122448
0.583529712	0.341100685
0.583367198	0.341033682
0.58333556	0.341075299
0.58317314	0.341008405
0.583141495	0.341050056
0.583033654	0.341028491
0.582871382	0.340961766
0.582894182	0.341048669
0.58273197	0.340982025
0.582624242	0.340960623
0.582592572	0.341002376
0.582430507	0.3409359
0.582322861	0.340914618
0.582291182	0.340956423
0.582129263	0.340890116
0.581990011	0.340910811
0.58195831	0.340952682
0.581850772	0.340931597
0.58168906	0.340865539
0.581657349	0.340907462
0.581495729	0.340841512
0.581464012	0.34088347
0.581302484	0.340817628
0.581141043	0.340751873
0.581163405	0.34083881
0.581002022	0.340773136
0.580840726	0.340707548
0.580863015	0.34079449
0.580701777	0.340728982
0.580670034	0.340771079
0.580508888	0.34070568
0.580347828	0.340640366
0.580316083	0.340682519
0.580123363	0.3406595
0.580091597	0.340701701
0.579930726	0.340636624
0.579845143	0.340634135
0.579684396	0.340569192
0.579598865	0.340566781
0.579438242	0.340501971
0.579352763	0.340499639
0.579192264	0.340434963
0.579160492	0.340477312
0.578946461	0.340368166
0.57891469	0.340410553
0.578829308	0.340408393
0.578615509	0.34029948
0.578498415	0.34033987
0.578413111	0.340337846
0.578253065	0.340273688
0.578167812	0.340271742
0.578082572	0.340269826
0.577922686	0.340205848
0.577837497	0.340204009
0.577752321	0.3402022
0.577667157	0.340200421
0.577454161	0.340092329
0.577369066	0.340090641
0.577283984	0.340088981
0.577198915	0.340087352
0.577060632	0.340041471
0.576975606	0.340039914
0.576837413	0.339994141
0.57675243	0.339992655
0.576794907	0.340097248
0.576402066	0.339839635
0.576444459	0.339944192
0.576433744	0.340004587
0.576423011	0.340064993
0.576359185	0.340081237
0.576221202	0.340035776
0.576157395	0.340052074
0.576019491	0.340006712
0.575881645	0.339961414
0.575870837	0.34002189
0.575680107	0.339932599
0.575542397	0.339887464
0.575351878	0.339798378
0.575288179	0.339814894
0.575097818	0.339725968
0.574907581	0.33963716
0.574717467	0.33954847
0.574527478	0.339459897
0.574305776	0.339414585
0.573937331	0.339177463
0.573821306	0.339150534
0.573453506	0.338913983
0.573264347	0.338826186
0.57307531	0.338738506
0.572959612	0.338711905
0.572843951	0.338685352
0.572425161	0.338406414
0.572132208	0.338232271
0.571839564	0.338058404
0.571724346	0.338032266
0.571484218	0.337902149
0.571171548	0.337711652
0.570879913	0.337538685
0.57041222	0.33721918
0.569945329	0.336900382
0.569727336	0.336788767
0.569189401	0.336410901
0.568827749	0.336179772
0.568466575	0.335949063
0.568280741	0.335864265
0.567920286	0.335634189
0.567560305	0.335404531
0.56727248	0.335234923
0.566810935	0.33492082
0.566299067	0.334564898
0.565665886	0.334108142
0.565156172	0.333754122
0.564505451	0.333282927
0.564079103	0.332998309
0.563430962	0.332529393
0.563076878	0.332304908
0.562551952	0.331938489
0.562078348	0.331614758
0.561555353	0.331250039
0.561203707	0.331027689
0.560682399	0.330664452
0.560331881	0.330443092
0.560001677	0.330238621
0.560200484	0.330473488
0.560519303	0.330808128
0.560598434	0.330943727
0.560078277	0.330581455
0.559578949	0.330236532
0.559249622	0.33003285
0.558920692	0.329829516
0.558423494	0.32948646
0.558164853	0.329341541
0.55780742	0.3291146
0.5571444	0.328633968
0.556315659	0.328015878
0.555243626	0.327265862
0.554108085	0.326393637
0.553074584	0.32560634
0.551918955	0.324718101
0.5506236	0.323714471
0.549545539	0.322891204
0.548462021	0.322063719
0.54763036	0.321444914
0.546791569	0.320820372
0.546467376	0.32062158
0.545282373	0.319710989
0.543830027	0.31857986
0.541909364	0.317062643
0.540169363	0.315695614
0.537686263	0.313716981
0.535007871	0.311579612
0.532562889	0.309705041
0.529810295	0.307511151
0.527749012	0.305887067
0.524975739	0.303680738
0.522439321	0.301670977
0.519824243	0.299599125
0.516912087	0.29728708
0.513830828	0.294840203
0.511915994	0.293346704
0.509404192	0.291368654
0.506100835	0.288749744
0.503241859	0.28649539
0.500223544	0.284115034
0.497823277	0.282238056
0.494868241	0.279915014
0.491832321	0.277595524
0.48903757	0.275408209
0.486650528	0.273551882
0.484480603	0.27187219
0.481870264	0.269840829
0.479287103	0.267833935
0.477180382	0.266211005
0.474452364	0.264157159
0.472130521	0.262366298
0.46983052	0.260595001
0.467635744	0.258909624
0.465806941	0.257517315
0.46399185	0.256137202
0.461924988	0.254621518
0.459976513	0.253138231
0.458043734	0.251668899
0.456379639	0.25041373
0.45488583	0.249294317
0.453224443	0.248105696
0.4515153	0.246817956
0.449896145	0.245602361
0.448610283	0.24465049
0.44699224	0.243499489
0.44540377	0.242310787
0.444142181	0.241380106
0.442887357	0.240455335
0.442009378	0.239888626
0.440840723	0.239032374
0.439677905	0.238181203
0.43888604	0.237682712
0.437806754	0.236897733
0.437039147	0.236357365
0.436420804	0.235934096
0.435639903	0.235444746
0.434952332	0.234967482
0.434339515	0.23454886
0.433638043	0.234121986
0.432956382	0.233649693
0.432348818	0.233235477
0.432042936	0.233057232
0.431420128	0.232692147
0.431258919	0.232627048
0.431097811	0.232562036
0.430919153	0.232544287
0.430459845	0.232246135
0.430227805	0.232125692
0.430121114	0.232164263
0.429960718	0.23209986
0.430240786	0.23237996
0.43006259	0.232362764
0.429973524	0.232354211
0.429724172	0.232281413
0.429932512	0.232505653
0.429683125	0.232432911
0.429962721	0.232713085
0.430171219	0.232937698
0.430505026	0.233322017
0.430415651	0.23331343
0.430535053	0.233530016
0.431042726	0.233989686
0.431305847	0.23431942
0.431587271	0.234602014
0.432079091	0.235111801
0.432590087	0.235575148
0.433156287	0.236144214
0.433972184	0.236848093
0.434541684	0.237420806
0.435203982	0.238004751
0.435935267	0.238705978
0.436454705	0.239178154
0.437263462	0.239941671
0.438093795	0.240660147
0.43859912	0.241185261
0.439744326	0.242153854
0.440327723	0.242741867
0.441168924	0.243471263
0.441993863	0.244251813
0.442677403	0.24485738
0.443823131	0.245893971
0.444264677	0.24637229
0.444967711	0.246994864
0.445729428	0.247728633
0.446589955	0.24847753
0.447113245	0.249022754
0.447901706	0.249715303
0.448672685	0.250458993
0.449277865	0.251071094
0.450475737	0.25209221
0.451007331	0.252646769
0.451886955	0.253415005
0.452827842	0.254298095
0.453535609	0.254995399
0.454252707	0.255635319
0.45504392	0.25640071
0.456177422	0.257375759
0.457054877	0.258211955
0.457680916	0.258846919
0.45858502	0.259639884
0.45955189	0.260550278
0.460103139	0.261126874
0.461178964	0.262060108
0.461978674	0.26283817
0.463122882	0.263895036
0.463786236	0.26449761
0.464511773	0.265217924
0.465607035	0.266170626
0.466254718	0.266829308
0.466904022	0.267489878
0.468093608	0.268521155
0.468747637	0.269186846
0.469487501	0.269922763
0.470252396	0.270611597
0.470911931	0.271283464
0.471950641	0.272195825
0.472429563	0.272722008
0.473536797	0.273759986
0.47439995	0.274531489
0.474711325	0.274922698
0.475405956	0.275557721
0.476612833	0.27668008
0.477100306	0.277216256
0.47788855	0.277929205
0.478655149	0.278694367
0.479448215	0.279412272
0.480219434	0.280182455
0.480625505	0.280654353
0.481424669	0.281378669
0.482113135	0.282082765
0.482458034	0.282435585
0.483238104	0.283215732
0.483648661	0.283693262
0.484278528	0.284280765
0.485063967	0.285066987
0.485412699	0.285424205
0.486291502	0.286288235
0.486616471	0.286697307
0.487163174	0.287218182
0.487489111	0.287628632
0.488284002	0.288425743
0.488636909	0.288787852
0.488964487	0.28920063
0.489672491	0.289927543
0.490118542	0.290367197
0.490447774	0.290782318
0.491067906	0.291438036
0.491516255	0.291880362
0.491847038	0.292297717
0.492178152	0.292715652
0.493013342	0.293478739
0.493345802	0.293898469
0.493678597	0.294318783
0.494131243	0.294766167
0.494464902	0.295187754
0.494798897	0.295609928
0.495346582	0.296136833
0.495735987	0.296605569
0.495861022	0.296855223
0.496184671	0.297196895
0.496387838	0.297511782
0.49656377	0.297731067
0.496821743	0.298091859
0.497064309	0.298440108
0.497310906	0.298718513
0.497592993	0.299100049
0.497812415	0.299429725
0.498193095	0.299820151
0.498318585	0.300072066
0.498577735	0.300435481
0.498864914	0.300748565
0.499124463	0.301112754
0.499344704	0.301444444
0.49972736	0.301837609
0.499987525	0.302203039
0.500073745	0.302423601
0.500496972	0.302851165
0.500488157	0.30299274
0.500832581	0.303354838
0.501053739	0.30368877
0.501235239	0.303989809
0.501636156	0.304399637
0.501802063	0.304688057
0.502214961	0.30518327
0.50232997	0.305354517
0.502703576	0.305817364
0.503010554	0.306149513
0.503192875	0.306452724
0.503295106	0.306689074
0.503602644	0.307022145
0.503745012	0.307292471
0.504189522	0.30774066
0.504468727	0.30812614
0.504930409	0.308589164
0.505347363	0.309090766
0.505684027	0.309525328
0.505816173	0.30971234
0.506209883	0.310195287
0.506439384	0.310464323
0.506736554	0.310866664
0.506977182	0.311221753
0.507247866	0.311525858
0.507504996	0.311895263
0.507900704	0.312381571
0.508131408	0.312652513
0.508372898	0.31300949
0.508573654	0.313332412
0.508861972	0.313652317
0.509038306	0.313955063
0.509310748	0.314261871
0.509331692	0.314433964
0.509590089	0.314806507
0.509780884	0.31504485
0.510080638	0.315452725
0.510240933	0.315743149
0.510530708	0.316065463
0.510649956	0.316321596
0.510810346	0.316612692
0.510960543	0.316817483
0.511162208	0.317143819
0.511271268	0.317314035
0.51137404	0.317557093
0.511633509	0.317932916
0.5118253	0.318173443
0.512027218	0.318500977
0.512177817	0.318706863
0.51213989	0.318831658
0.512300389	0.319124664
0.512409589	0.319295777
0.512470734	0.319504925
0.512579929	0.319676202
0.512640972	0.319885544
0.512609281	0.319937532
0.512769625	0.320231343
0.512946478	0.320539383
0.513138715	0.320781577
0.51311644	0.320920976
0.51326717	0.321128132
0.513344381	0.32135225
0.513495161	0.321559643
0.513273264	0.321529985
0.513523623	0.321822124
0.513600623	0.322046622
0.513693224	0.322204923
0.513612202	0.322295369
0.513704735	0.322453755
0.513681728	0.322593746
0.513616293	0.322617926
0.513451895	0.322637846
0.513643948	0.322881167
0.513421307	0.322851709
0.513140744	0.322773039
0.513050295	0.322776143
0.512968882	0.322867108
0.512538878	0.322581227
0.512358254	0.322587844
0.512185232	0.322520766
0.512004735	0.322527619
0.511477301	0.322158797
0.511157177	0.322046825
0.510927303	0.321931411
0.510550289	0.321771073
0.510279838	0.321621134
0.50986266	0.321426659
0.509535638	0.321228567
0.509160416	0.321069893
0.508638506	0.32070583
0.508264469	0.320548218
0.507744299	0.320185665
0.507330845	0.319994532
0.507298622	0.32004763
0.50824955	0.321019243
0.507729324	0.32065656
0.507412996	0.320548431
0.506991564	0.320269976
0.506538499	0.320045356
0.506021579	0.319685536
0.505666776	0.319544722
0.505248059	0.319268633
0.504741633	0.31899863
0.504228169	0.318641808
0.503779579	0.318421151
0.503132233	0.31795025
0.50266173	0.317630104
0.502215702	0.317411677
0.501611872	0.316977936
0.501072523	0.316680022
0.500510827	0.316282233
0.499926579	0.31586526
0.49937493	0.315556919
0.498832463	0.315175587
0.498392638	0.314962561
0.497985164	0.314696263
0.497523682	0.314383967
0.496859932	0.313980232
0.496454801	0.313715972
0.495972588	0.313386066
0.49544436	0.313097833
0.494948587	0.312756405
0.494376529	0.312350029
0.493812902	0.312031697
0.493373939	0.311738706
0.492858941	0.311380982
0.492336786	0.311098017
0.492045433	0.310930765
0.49160939	0.310640308
0.491196202	0.310450193
0.490761547	0.310160936
0.490198526	0.30976239
0.489916338	0.309683871
0.489589686	0.309486614
0.489119836	0.309167425
0.48865083	0.308848971
0.488279752	0.308694823
0.487812231	0.308377647
0.487563315	0.308246624
0.487187054	0.308007173
0.486907797	0.30793129
0.486547342	0.307705312
0.48620989	0.30749893
0.485850383	0.307273773
0.485535102	0.307167298
0.485250978	0.307006356
0.485019169	0.306889977
0.484787552	0.306773769
0.484593276	0.306689377
0.484294078	0.306596741
0.484226146	0.306620022
0.484224821	0.306700085
0.484171621	0.306735981
0.484029508	0.306696131
0.484191193	0.306915239
0.484247772	0.307126222
0.484320521	0.307269697
0.484333802	0.307362511
0.484458424	0.307550346
0.484709332	0.307846006
0.484811698	0.308015015
0.484899281	0.308171474
0.484845692	0.308207483
0.484896047	0.308332263
0.484946388	0.308457084
0.484913417	0.308592731
0.484859714	0.308628818
0.484783617	0.308645805
0.484566506	0.308542345
0.484386672	0.308470741
0.484399637	0.308563886
0.484145712	0.308429004
0.483966113	0.308357644
0.483838384	0.308330625
0.483584957	0.308196195
0.483294807	0.308030385
0.48313042	0.30797207
0.482988342	0.307932837
0.482875679	0.307918765
0.482674635	0.307829158
0.48247373	0.307739679
0.482309771	0.307681798
0.482270923	0.307730909
0.482121688	0.307685654
0.48213424	0.30777878
0.482095353	0.307827952
0.48214464	0.307952587
0.481980766	0.307894899
0.48199322	0.307988097
0.482042419	0.308112785
0.482179802	0.308313007
0.482228988	0.308437803
0.482329609	0.308606693
0.482467072	0.308807201
0.482766689	0.309146687
0.483103546	0.309518223
0.483115859	0.309611777
0.483238942	0.309800317
0.483413724	0.310033252
0.48349992	0.310190322
0.483837604	0.310563136
0.484049766	0.310828426
0.484084289	0.310941408
0.484207682	0.311130701
0.484222434	0.31114336
0.484345868	0.311332766
0.484202492	0.311293218
0.484096232	0.311285548
0.483864155	0.311169888
0.483669262	0.311086159
0.483614861	0.311123065
0.48377487	0.311344124
0.483846164	0.31148907
0.483860895	0.311501723
0.484006266	0.311710369
0.483885198	0.311690174
0.483993489	0.311867079
0.484064745	0.312012226
0.48412125	0.312144754
0.48412125	0.312144754
0.484266642	0.312353756
0.484538185	0.312671323
0.484594718	0.312804085
0.484599333	0.312892245
0.484903722	0.313154094
0.484908317	0.313242314
0.485039225	0.313439278
0.485095766	0.313572311
0.485278748	0.313814249
0.485368022	0.313891105
0.485424585	0.3140243
0.48530254	0.314003745
0.485321808	0.31410491
0.485341053	0.314206103
0.485412329	0.314352168
0.48537509	0.314320087
0.485431532	0.314453427
0.485540041	0.314631693
0.48572313	0.314874314
0.485615611	0.314866506
0.485757118	0.314988492
0.485828383	0.315134862
0.485847492	0.315236318
0.486082882	0.31552436
0.48601244	0.315548689
0.486031489	0.315650251
0.486087848	0.315784055
0.486050514	0.315751842
0.486248621	0.316008028
0.486267612	0.316109707
0.486249218	0.316179161
0.486014387	0.316061796
0.486085474	0.316208565
0.486204735	0.316311542
0.486096731	0.31630373
0.485943813	0.316257151
0.48594017	0.316339519
0.485899195	0.31638968
0.485854273	0.316350876
0.485954885	0.316523391
0.486055509	0.316695988
0.4859025	0.316649459
0.485961881	0.316700776
0.486039983	0.316854017
0.485670828	0.31662071
0.485443493	0.316509988
0.485086171	0.316201148
0.484725535	0.315975211
0.484587975	0.315942081
0.484394894	0.315775202
0.484079787	0.315588621
0.483395354	0.315082863
0.482624389	0.314502377
0.482344542	0.314260595
0.481752684	0.313834927
0.480708536	0.313018639
0.479978428	0.31238819
0.479391977	0.311967328
0.478444243	0.311234643
0.477446034	0.310373255
0.476419261	0.309572717
0.475310757	0.308701861
0.474324737	0.307851798
0.472516312	0.306378362
0.471424668	0.305522857
0.468854071	0.30339463
0.466949451	0.301756467
0.464931661	0.300106337
0.463270977	0.298763821
0.460893771	0.29672346
0.459165452	0.295324677
0.456703606	0.293298125
0.454818964	0.291767258
0.451282331	0.288741937
0.448254623	0.286237762
0.445264009	0.283767907
0.441712332	0.280741443
0.438418434	0.278019907
0.434185779	0.27450475
0.430110506	0.271128888
0.423580298	0.265604172
0.418478884	0.261378783
0.413343076	0.257133938
0.408344527	0.252936811
0.402233293	0.247896397
0.396870436	0.243494685
0.388258703	0.236405373
0.381911678	0.231146671
0.375612077	0.226018955
0.369266524	0.220871135
0.362258202	0.215128898
0.353551032	0.20809962
0.34642318	0.202385959
0.339952367	0.197160228
0.333524681	0.192059202
0.326848171	0.186781582
0.318651819	0.180257818
0.312514421	0.17546311
0.306865072	0.171074118
0.301563614	0.166915371
0.296827828	0.163276651
0.289771916	0.157851998
0.285469009	0.154524364
0.281364387	0.151420203
0.276962907	0.148042787
0.272454598	0.144654593
0.268035501	0.141348167
0.265031539	0.139071201
0.262067764	0.136885941
0.259158236	0.134747532
0.256287446	0.132590928
0.253482498	0.130543036
0.251849969	0.129375581
0.249166646	0.127375096
0.247634412	0.126287112
0.244997132	0.124330031
0.243586963	0.123336875
0.242163277	0.122334978
0.240820401	0.121343673
0.239501183	0.120421467
0.238219483	0.119527947
0.236963379	0.118604643
0.236794806	0.11853042
0.235460046	0.117600173
0.235282237	0.117469767
0.234061815	0.116624586
0.233820924	0.11649726
0.233695319	0.116405279
0.233580394	0.116370184
0.232373936	0.115536171
0.232259941	0.115501646
0.232135676	0.115410753
0.232046663	0.115394487
0.233046322	0.11617527
0.23302132	0.116156953
0.232956773	0.116158739
0.232842282	0.11612393
0.233822647	0.116892142
0.233822647	0.116892142
0.234885889	0.117722591
0.234871234	0.117761389
0.235880636	0.118504106
0.236933811	0.119330042
0.236944772	0.119388169
0.238020731	0.120182363
0.239089883	0.121023074
0.240167058	0.121871214
0.241320228	0.122726249
0.241305311	0.122766179
0.24242588	0.123649633
0.243650886	0.124560912
0.244762506	0.125440726
0.24595238	0.126328523
0.247053995	0.127203785
0.248247128	0.128149101
0.249465168	0.129062068
0.250649562	0.130004012
0.251843382	0.130954728
0.253062152	0.131872425
0.254275212	0.132840806
0.255498032	0.133818286
0.256746304	0.134762483
0.257989051	0.135758296
0.259182268	0.136718267
0.260430564	0.137666703
0.262880294	0.139587129
0.262894959	0.139653873
0.265461747	0.141613993
0.266776006	0.142675955
0.266853823	0.142791934
0.26904017	0.144525608
0.270304702	0.145497373
0.271896416	0.146779697
0.273058414	0.147733006
0.274918843	0.1492275
0.276019892	0.150079058
0.277006097	0.150901006
0.278872647	0.152407181
0.28009122	0.153412762
0.28168955	0.154656147
0.282854099	0.155622869
0.284752801	0.157164245
0.285757337	0.15800943
0.287487439	0.159363324
0.288764337	0.160424718
0.289864909	0.161349283
0.291619804	0.162789631
0.29283579	0.163746572
0.294541119	0.165152263
0.295567903	0.166024638
0.297187881	0.167367128
0.298248271	0.168206099
0.299772639	0.169476472
0.300990453	0.170505606
0.302261899	0.171578794
0.303296251	0.172464878
0.304844054	0.17369699
0.305893554	0.174597541
0.30724029	0.175736484
0.308224169	0.176587045
0.309668957	0.177807385
0.310618911	0.178633107
0.312020266	0.179756263
0.312989603	0.180599537
0.313703266	0.18123836
0.315109529	0.182434705
0.316526642	0.183641511
0.317387189	0.184401348
0.318580582	0.185363692
0.319450767	0.186132907
0.320595424	0.187124737
0.321253605	0.187724217
0.32249563	0.18879688
0.323074078	0.189333113
0.324079557	0.190148099
0.324706542	0.190724652
0.3259278	0.191784276
0.326516955	0.192331355
0.327388246	0.193108341
0.32784891	0.193551859
0.328904656	0.194480354
0.329182709	0.194775932
0.329593652	0.195110873
0.330059723	0.195560099
0.330714585	0.196163713
0.331560178	0.196923601
0.331389856	0.196854073
0.332049316	0.197462604
0.332332014	0.197763517
0.332729335	0.198158377
0.332368456	0.197933079
0.333031321	0.198545523
0.33323975	0.198786282
0.333524197	0.199089449
0.3335425	0.1991747
0.333370298	0.199103875
0.334036663	0.199720479
0.333673194	0.199492869
0.33388228	0.199734797
0.33390055	0.199820299
0.333727932	0.199749212
0.333746151	0.199834729
0.33338307	0.199607337
0.333858502	0.200068233
0.334067738	0.200310788
0.333703981	0.200082766
0.333722117	0.200168426
0.333358935	0.199940843
0.333186598	0.19987003
0.333204621	0.199955633
0.332842297	0.199728704
0.332860244	0.199814269
0.332953803	0.199962041
0.332781698	0.199891441
0.332609717	0.199820941
0.332227436	0.199648419
0.332055857	0.199578239
0.332528007	0.200037679
0.331977364	0.199655616
0.332449321	0.200115106
0.331898825	0.199733065
0.332370588	0.200192605
0.33265354	0.200496907
0.332556943	0.200488618
0.33284016	0.200793376
0.333123792	0.201098658
0.333217287	0.20124728
0.33374706	0.201827679
0.334032021	0.202134708
0.33412593	0.202284101
0.334219874	0.2024336
0.33496589	0.203122192
0.334868021	0.203113369
0.335423784	0.203645246
0.335711217	0.203955402
0.33605442	0.20438438
0.336149265	0.204535452
0.336902805	0.205232554
0.336803888	0.205223265
0.33736525	0.205761639
0.337460718	0.205913749
0.337828777	0.206292216
0.338371226	0.206888956
0.338467161	0.207041907
0.338367364	0.207032247
0.338933267	0.207576084
0.339029452	0.207729542
0.339378396	0.208167014
0.339278065	0.208157143
0.339846621	0.208704305
0.33994321	0.208858593
0.340315947	0.209243114
0.340215088	0.209233015
0.340764069	0.209838984
0.340662935	0.209828784
0.341037024	0.210215225
0.341134133	0.210370621
0.341509115	0.210758191
0.341385073	0.210803548
0.341760521	0.211191918
0.341857934	0.211348024
0.34223428	0.211737529
0.342132253	0.211726987
0.342509116	0.212117238
0.342584165	0.212330035
0.342761566	0.212553681
0.343340316	0.213113784
0.343237632	0.213102977
0.343616588	0.213496027
0.343794892	0.213720993
0.344151957	0.21417167
0.344048775	0.214160671
0.344429267	0.214555844
0.344810489	0.214951874
0.344504793	0.214770864
0.344863021	0.215223776
0.345245057	0.215621084
0.345424742	0.215848375
0.345320771	0.215837074
0.345500501	0.216064572
0.345883747	0.216463564
0.346040613	0.216748572
0.346424887	0.217148953
0.3468099	0.217550205
0.347195655	0.21795233
0.346886028	0.217767947
0.347271918	0.218170435
0.347429729	0.21845763
0.347816657	0.21886152
0.347998548	0.219092391
0.348180596	0.219323516
0.34805119	0.219368797
0.348233248	0.219600172
0.348415461	0.219831802
0.348804262	0.220238407
0.348986981	0.220470765
0.349145882	0.220760883
0.348832891	0.220573571
0.349222473	0.220981545
0.349405515	0.221214667
0.349564603	0.221505708
0.349250835	0.221317703
0.34943385	0.221551117
0.349617022	0.221784788
0.3492789	0.221654372
0.349461888	0.221888078
0.349645033	0.222122041
0.349828335	0.222356263
0.350011794	0.222590743
0.350195411	0.222825481
0.349856018	0.222694322
0.349831621	0.22275232
0.350015016	0.222987133
0.350198568	0.223222205
0.350382277	0.223457536
0.350541583	0.223751309
0.350725572	0.2239872
0.350909718	0.224223351
0.350885065	0.224281636
0.351069333	0.224518088
0.351253758	0.2247548
0.351413561	0.225050203
0.351388762	0.225108654
0.35157343	0.22534597
0.351758257	0.225583547
0.351708454	0.22570068
0.351893365	0.2259386
0.352078435	0.226176783
0.352053431	0.226235464
0.352743569	0.226905879
0.35269334	0.227023477
0.352879087	0.22726284
0.352853907	0.227321714
0.353546777	0.227995692
0.353496193	0.228113674
0.353682621	0.228354225
0.354165852	0.228849456
0.354352879	0.229090852
0.354327417	0.229150025
0.354999757	0.229889491
0.354974172	0.229948792
0.355460447	0.230447929
0.355648603	0.230691109
0.356325239	0.231436184
0.356814719	0.23193913
0.357004091	0.232184027
0.357495185	0.232688892
0.357469197	0.232748601
0.358177884	0.233441445
0.358125674	0.233561098
0.358836624	0.234256723
0.359332082	0.234766862
0.35930579	0.234826871
0.360020813	0.235527092
0.359994412	0.235587208
0.360466144	0.236160923
0.360965493	0.23667586
0.360938913	0.236736152
0.361439391	0.237252519
0.361941072	0.237770256
0.361887571	0.237891169
0.362390319	0.23841041
0.362363468	0.238470967
0.363089095	0.239183909
0.363035147	0.239305255
0.363540645	0.239828005
0.364047363	0.240352145
0.364020215	0.240412982
0.364528086	0.240938582
0.364473585	0.241060457
0.364982539	0.241587585
0.364955185	0.241648622
0.365465299	0.24217722
0.365410384	0.242299493
0.365921587	0.242829629
0.365894026	0.242890865
0.366406395	0.243422479
0.366351063	0.243545152
0.366323366	0.243606523
0.366836757	0.244139748
0.366583161	0.244004262
0.366527562	0.244127219
0.366499732	0.244188733
0.367013517	0.244723072
0.366985592	0.244784674
0.36692968	0.244907949
0.366901693	0.244969623
0.366873686	0.24503132
0.366304352	0.244619997
0.366023054	0.244546508
0.365995043	0.244608243
0.365427868	0.244198655
0.364862145	0.243790316
0.364074609	0.243188088
0.364018774	0.243311492
0.363456591	0.24290612
0.362364343	0.242037397
0.361585724	0.241442861
0.361029775	0.241042903
0.359922091	0.240246599
0.359152175	0.23965964
0.358081509	0.238810019
0.357534441	0.238417732
0.356256649	0.237387414
0.355200422	0.236550704
0.353909401	0.235594261
0.352864767	0.234767831
0.351111041	0.233323257
0.350080224	0.232509287
0.348349704	0.231085905
0.34733242	0.230284125
0.346115165	0.229308391
0.344620609	0.22809163
0.343392773	0.227190746
0.341717202	0.225817176
0.340731956	0.225044049
0.339078014	0.223690163
0.337908582	0.222757485
0.336472642	0.221593742
0.335318102	0.220674486
0.333707708	0.219360211
0.332734824	0.21868087
0.331144898	0.217384918
0.330209599	0.216656407
0.329090359	0.215768725
0.327529174	0.214498792
0.3264249	0.21362457
0.325326748	0.212755823
0.324234667	0.2118925
0.323306225	0.211251301
0.322225186	0.210397656
0.321150072	0.209549299
0.319650418	0.208334628
0.318589371	0.207498879
0.318137591	0.207188896
0.317084707	0.206360328
0.316459903	0.205901061
0.315240741	0.204929339
0.314597299	0.204533358
0.313563365	0.203721397
0.313122895	0.203420956
0.312510569	0.202972382
0.311900156	0.202525441
0.311291647	0.202080123
0.310275217	0.201283435
0.309671791	0.2008425
0.309070234	0.200403157
0.308065502	0.199616725
0.307066063	0.198834985
0.306305381	0.198258765
0.305690228	0.197885885
0.304537475	0.196972359
0.3035564	0.196206662
0.302973714	0.195783523
0.302392798	0.195361883
0.301260055	0.194466027
0.300684372	0.194048889
0.300110427	0.193633221
0.299538209	0.193219014
0.298807114	0.192668342
0.297855494	0.191928358
0.297130954	0.191383383
0.296567722	0.190976855
0.296006168	0.190571742
0.295446285	0.190168038
0.294731011	0.189630994
0.29415144	0.189286907
0.293441072	0.188753969
0.293261803	0.18867664
0.292554798	0.188146524
0.292376313	0.188069781
0.292043205	0.187860358
0.29223613	0.188102315
0.291903202	0.187892995
0.291725221	0.187816646
0.291763205	0.187925721
0.291955781	0.188167649
0.291468897	0.187825976
0.292031803	0.188386245
0.291699024	0.188176906
0.29173692	0.188286182
0.291558897	0.188209849
0.291967353	0.188637965
0.291789055	0.188561444
0.291480164	0.18829569
0.29136365	0.188272278
0.291185866	0.188196146
0.291223526	0.18830544
0.290891915	0.188096887
0.290560867	0.187888781
0.290751975	0.188130239
0.289924086	0.187417453
0.289594711	0.187210701
0.289418423	0.187135699
0.289089886	0.186929599
0.288421268	0.186354063
0.288094488	0.186149408
0.287557025	0.185763393
0.286953991	0.185244529
0.286419888	0.184861412
0.286096582	0.184659587
0.285773816	0.184458189
0.2851175	0.183893683
0.284499317	0.183438187
0.284327557	0.18336652
0.283676577	0.182806824
0.283358005	0.182608849
0.28303996	0.18241129
0.282722441	0.182214146
0.28228212	0.181835634
0.282317139	0.18194149
0.282000824	0.181745301
0.282035738	0.181851111
0.281719846	0.181655227
0.281462531	0.181509691
0.281666657	0.181685287
0.281555348	0.181665363
0.281240191	0.181470022
0.280925553	0.181275088
0.280960089	0.181380652
0.28070369	0.181235797
0.280738137	0.181341343
0.281121625	0.181747641
0.280807009	0.181552612
0.280841435	0.181658336
0.28043981	0.181388257
0.280474108	0.181493895
0.280508399	0.181599592
0.280542683	0.181705348
0.280286573	0.181560629
0.279973165	0.181366444
0.279660269	0.181172663
0.279203638	0.180854825
0.279237503	0.180960185
0.279006595	0.180760921
0.278695282	0.180568386
0.27824101	0.180252442
0.278274577	0.18035748
0.277878235	0.180091441
0.278054894	0.180320059
0.277602091	0.18000518
0.277173905	0.179635495
0.277207133	0.179740205
0.276813019	0.179475912
0.276505236	0.179286125
0.276056238	0.178974345
0.276112609	0.179023026
0.275382134	0.178468145
0.275076724	0.178280257
0.274968482	0.178262603
0.274663714	0.178075202
0.273962502	0.177469692
0.273659437	0.177283677
0.273217445	0.176977671
0.272938966	0.176737262
0.27222145	0.176193402
0.271451986	0.175604721
0.271038742	0.175248201
0.271070211	0.175350547
0.270383553	0.174758184
0.270086449	0.174576982
0.269676504	0.174223432
0.269380571	0.174043172
0.268700719	0.173457013
0.01	0.01
0.01	0.01
0.01	0.01
0.01	0.01
0.01	0.01
0.01	0.01
0.01	0.01
0.01	0.01
0.01	0.01
0.01	0.01
0.01	0.01
0.01	0.01
0.01	0.01
0.01	0.01
0.01	0.01
0.01	0.01
0.01	0.01
0.01	0.01
0.01	0.01
0.01	0.01
0.01	0.01
0.01	0.01
0.01	0.01
0.01	0.01
0.01	0.01
0.01	0.01
0.01	0.01
0.01	0.01
0.01	0.01
0.01	0.01
0.01	0.01
0.01	0.01
0.01	0.01
0.01	0.01
0.01	0.01
0.01	0.01
0.01	0.01
0.01	0.01
0.01	0.01
0.01	0.01
0.01	0.01
0.01	0.01
0.01	0.01
0.01	0.01
0.01	0.01
0.01	0.01
0.01	0.01
0.01	0.01
0.01	0.01
0.01	0.01
0.01	0.01
0.01	0.01
0.01	0.01
0.01	0.01
0.01	0.01
0.01	0.01
0.01	0.01
0.01	0.01
0.01	0.01
0.01	0.01
0.01	0.01
0.01	0.01
0.01	0.01
0.01	0.01
0.01	0.01
0.01	0.01
0.01	0.01
0.01	0.01
0.01	0.01
0.01	0.01
0.01	0.01
0.01	0.01
0.01	0.01
0.01	0.01
0.01	0.01
0.01	0.01
0.01	0.01
0.01	0.01
0.01	0.01
0.01	0.01
0.01	0.01
0.01	0.01
0.01	0.01
0.01	0.01
0.01	0.01
0.01	0.01
0.01	0.01
0.01	0.01
0.01	0.01
0.01	0.01
0.01	0.01
0.01	0.01
0.01	0.01
0.01	0.01
0.01	0.01
0.01	0.01
0.01	0.01
0.01	0.01
0.01	0.01
0.01	0.01
0.01	0.01
0.01	0.01
0.01	0.01
0.01	0.01
0.01	0.01
0.01	0.01
0.01	0.01
0.01	0.01
0.01	0.01
0.01	0.01
0.01	0.01
0.01	0.01
0.01	0.01
0.01	0.01
0.01	0.01
0.01	0.01
0.01	0.01
0.01	0.01
0.01	0.01
0.01	0.01
0.01	0.01
0.01	0.01
0.01	0.01
0.01	0.01
0.01	0.01
0.01	0.01
0.01	0.01
0.01	0.01
0.01	0.01
0.01	0.01
0.01	0.01
0.01	0.01
0.01	0.01
0.01	0.01
0.01	0.01
0.01	0.01
0.01	0.01
0.01	0.01
0.01	0.01
0.01	0.01
0.01	0.01
0.01	0.01
0.01	0.01
0.01	0.01
0.01	0.01
0.01	0.01
0.01	0.01
0.01	0.01
0.01	0.01
0.01	0.01
0.01	0.01
0.01	0.01
0.01	0.01
0.01	0.01
0.01	0.01
0.01	0.01
0.01	0.01
0.01	0.01
0.01	0.01
0.01	0.01
0.01	0.01
