2.165538485482900732e-01
2.082650878729304100e-01
2.002139940923684247e-01
1.924005672066040895e-01
1.848248072156374044e-01
1.774867141194683695e-01
1.703862879180970125e-01
1.635235286115233055e-01
1.568984361997472765e-01
1.505110106827688976e-01
1.443612520605881688e-01
1.384491603332050902e-01
1.327747355006197172e-01
1.273379775628319666e-01
1.221388865198418799e-01
1.171774623716494573e-01
1.124537051182546987e-01
1.079676147596576041e-01
1.037191912958581458e-01
9.970843472685636533e-02
9.593534505265224888e-02
9.239992227324578256e-02
8.910216638863696637e-02
8.604207739882582806e-02
8.321965530381233989e-02
8.063490010359652960e-02
7.828781179817834168e-02
7.617839038755783165e-02
7.430663587173499951e-02
7.267254825070981750e-02
7.127612752448228561e-02
7.011737369305240386e-02
6.919628675642019999e-02
6.851286671458567401e-02
6.806711356754877040e-02
6.785902731530951693e-02
6.788860795786796909e-02
6.815585549522407138e-02
6.866076992737779605e-02
6.940335125432919861e-02
7.038359947607827904e-02
7.160151459262503737e-02
7.305709660396939031e-02
7.475034551011142114e-02
7.668126131105115761e-02
7.884984400678854422e-02
8.125609359732355319e-02
8.390001008265621230e-02
8.678159346278657704e-02
8.990084373772760928e-02
1.025561435038223057e-01
1.023772775411922048e-01
1.048121056084313080e-01
7.913168012248568417e-02
6.094170590968459728e-02
6.066270643784914957e-02
5.953313081526771799e-02
4.944009246464871332e-02
6.181903996673737689e-02
4.943797739644471140e-02
4.219755408120783036e-02
4.404057705981756499e-02
4.835954782040483707e-02
5.607791412656069896e-02
5.693237543900303566e-02
6.480643629155688479e-02
9.080655667885731419e-02
1.150694488969144919e-01
1.389236223436181861e-01
1.633094387514738011e-01
1.929166148503700662e-01
2.202959187688263709e-01
2.507593419784009958e-01
2.740685951484796989e-01
2.904609417068330091e-01
3.093514882589942228e-01
2.737820406837901954e-01
2.668907093201065006e-01
2.206207661838404666e-01
2.079414793628240887e-01
2.579176113385932001e-01
2.425175378333668530e-01
2.792524958458614259e-01
3.033151326245556167e-01
3.448366518516131074e-01
3.479391599081537167e-01
3.458310667369161040e-01
4.005288853525600379e-01
3.717571718955403060e-01
3.978109093139553520e-01
4.233393311457386843e-01
4.022103651127796331e-01
3.717268024485497757e-01
4.053679140020965410e-01
4.488591400048002056e-01
4.589492392262172760e-01
4.876434993949990693e-01
5.099512759618929358e-01
5.851502392058235413e-01
6.221898689608758026e-01
6.620094684563475607e-01
6.618157124202727060e-01
6.695045884231936029e-01
7.131405836821020916e-01
7.392484016261416935e-01
7.664883132584530134e-01
8.057738221014063562e-01
8.346708034365992734e-01
8.915601204115626288e-01
9.544287339768989797e-01
1.016174362644535867e+00
1.070550567445575973e+00
1.139162043639495803e+00
1.208616906405402425e+00
1.367883047653555506e+00
1.472499859907323794e+00
1.557135156712918800e+00
1.749512500560750583e+00
1.820391901592303574e+00
1.970130507975791589e+00
2.082684712555324502e+00
2.307427939488542190e+00
2.423349990277407606e+00
2.498039064611428550e+00
2.612336152898209196e+00
2.736408354333473625e+00
2.961449802466830317e+00
3.101213527033053641e+00
3.234381184159558664e+00
3.385426604040260301e+00
3.535419270938914504e+00
3.689077722894313016e+00
3.800338772951544541e+00
3.952797184107724959e+00
4.080668594224214019e+00
4.213447851856123805e+00
4.320704237110732038e+00
4.477751736501068613e+00
4.617782129716950124e+00
4.780358068937131222e+00
4.946225379859576776e+00
5.130141946915903084e+00
5.350786332587294858e+00
5.570880907799843129e+00
5.764074543733181955e+00
5.979064923460255088e+00
6.198136757346514258e+00
6.399818600606738350e+00
6.644964477422714566e+00
6.860213751614329780e+00
7.036830241639071559e+00
7.192943341207879371e+00
7.383247959631258794e+00
7.694490004237176883e+00
7.942054530251100530e+00
8.103800967769666741e+00
8.272589350912836537e+00
8.414363982100496742e+00
8.578331490941655701e+00
8.759736739594480071e+00
8.953019179291107577e+00
9.150643334966888531e+00
9.392193831387782410e+00
9.602535424122201846e+00
9.806895932624433598e+00
1.004346919990826059e+01
1.020252928041407259e+01
1.030140727034594761e+01
1.043415518759503513e+01
1.058414374478667774e+01
1.070632659092239791e+01
1.079307247756801758e+01
1.088822171460662247e+01
1.097345829365888470e+01
1.104931041144938497e+01
1.122358759315327603e+01
1.137109565546291279e+01
1.155848758646834007e+01
1.171093760081819468e+01
1.181437887186583247e+01
1.196275262671390394e+01
1.205410109427544896e+01
1.212605647082336446e+01
1.226321719369198426e+01
1.236764806515578208e+01
1.246028914709215307e+01
1.251458173546306973e+01
1.264317665264268342e+01
1.272634429189078809e+01
1.276668236908760612e+01
1.288469505930523340e+01
1.297929322819369347e+01
1.300796593754642672e+01
1.300526831187958976e+01
1.304721777221964096e+01
1.311585936632694072e+01
1.314570190004475236e+01
1.315768653027191171e+01
1.312665214253859780e+01
1.314429632175840190e+01
1.316465522423999701e+01
1.316894534595052413e+01
1.314350781532418821e+01
1.317674797007160237e+01
1.317485964432499301e+01
1.322774080228787419e+01
1.321276147354301145e+01
1.324417117655477405e+01
1.318196377863325885e+01
1.312385246827490626e+01
1.309616042634381827e+01
1.307988484446732791e+01
1.305989375169576761e+01
1.294541341423784075e+01
1.287081867801487434e+01
1.283461554878468114e+01
1.267435547296254761e+01
1.266833018967209412e+01
1.256360747136331391e+01
1.252409920397653131e+01
1.230662091137601699e+01
1.218924084310481426e+01
1.210843935541817551e+01
1.201205641756089726e+01
1.196069489288015042e+01
1.178148745909548012e+01
1.166945535275925394e+01
1.152406393873203072e+01
1.136336133443348118e+01
1.122243194587361437e+01
1.108662586936946326e+01
1.096423634499452504e+01
1.082398378572726116e+01
1.068205181138505644e+01
1.054626157722191060e+01
1.045332382829488438e+01
1.031144671647559896e+01
1.020087367334523165e+01
1.006650175963382310e+01
9.930038437578190269e+00
9.795989628398677596e+00
9.608278335185339358e+00
9.426108022786866769e+00
9.270043046625652039e+00
9.082305164828079924e+00
8.912264526675654608e+00
8.703130923428542332e+00
8.457117620736243069e+00
8.261179880264895914e+00
8.147225132083340426e+00
8.049462548811797902e+00
7.950314530257901247e+00
7.708920949466919303e+00
7.443282679236977728e+00
7.323970174117164333e+00
7.189933076755482766e+00
7.026630057771569682e+00
6.891919775838647233e+00
6.770288590164797782e+00
6.642487716904495798e+00
6.490586935694336645e+00
6.288639707123866884e+00
6.146867490027273284e+00
5.998405970831150569e+00
5.775933629646917034e+00
5.627287316342763468e+00
5.549693579680651467e+00
5.437020933205993778e+00
5.295005694007074659e+00
5.175118749670026830e+00
5.086356031350702800e+00
4.992616198488954993e+00
4.912234934524988716e+00
4.841209397380756840e+00
4.731343240826942242e+00
4.618044724735726803e+00
4.513519983181853767e+00
4.415790093401843919e+00
4.297769667200183719e+00
4.193442887478575187e+00
4.089873047854334587e+00
4.027425791209622297e+00
3.864189411539833419e+00
3.755948468135008156e+00
3.666615726192082647e+00
3.550633081841773286e+00
3.435992588558956395e+00
3.306048211364227551e+00
3.210942265169498100e+00
3.081390590045943512e+00
2.987879147172357808e+00
2.898788191452191576e+00
2.828662170351456950e+00
2.739956649515417286e+00
2.606075379538258296e+00
2.516136197348023629e+00
2.380575466913910976e+00
2.315854131722102416e+00
2.189990864158452677e+00
2.101758945384379462e+00
2.035065228100817691e+00
1.965962454218168176e+00
1.857859836840339840e+00
1.786181885002458669e+00
1.646560612596686513e+00
1.586558414907933701e+00
1.453684133211530005e+00
1.409740622455647685e+00
1.372009893488576937e+00
1.320763402942543463e+00
1.249997293692755029e+00
1.191999526663789055e+00
1.145437683531531192e+00
1.107624987305072972e+00
1.058065670919497103e+00
1.025581439854955867e+00
9.734912468211076586e-01
9.228736400839476772e-01
8.737286196433302621e-01
8.260561854992536368e-01
7.798563376517195778e-01
7.351290761007271968e-01
6.918744008462773820e-01
6.500923118883683571e-01
6.097828092270018985e-01
5.709458928621780061e-01
5.335815627938949035e-01
4.976898190221534790e-01
4.632706615469555089e-01
4.303240903682983287e-01
3.988501054861828266e-01
3.688487069006098906e-01
3.403198946115795209e-01
3.132636686190890529e-01
2.876800289231420393e-01
2.635689755237375920e-01
2.409305084208730463e-01
2.197646276145519550e-01
2.000713331047725418e-01
1.818506248915348067e-01
1.651025029748378614e-01
1.498269673546852587e-01
1.360240180310725577e-01
1.236936550040024230e-01
1.128358782734739663e-01
1.034506878394880758e-01
9.553808370204386335e-02
8.909806586114132898e-02
8.413063431678136084e-02
8.063578906896218257e-02
7.861353011768557053e-02
7.806385746295063655e-02
7.898677110475826879e-02
8.138227104310757909e-02
8.525035727799767926e-02
9.059102980943123384e-02
9.740428863740646648e-02
1.056901337619224890e-01
1.154485651829819659e-01
1.266795829005813445e-01
1.393831869147241775e-01
1.535593772254095768e-01
1.692081538326348777e-01
1.863295167364036331e-01
2.049234659367131783e-01
2.165538485482900732e-01
2.082650878729304100e-01
2.002139940923684247e-01
1.924005672066040895e-01
1.848248072156374044e-01
1.774867141194683695e-01
1.703862879180970125e-01
1.635235286115233055e-01
1.568984361997472765e-01
1.505110106827688976e-01
1.443612520605881688e-01
1.384491603332050902e-01
1.327747355006197172e-01
1.273379775628319666e-01
1.221388865198418799e-01
1.171774623716494573e-01
1.124537051182546987e-01
1.079676147596576041e-01
1.037191912958581458e-01
9.970843472685636533e-02
9.593534505265224888e-02
9.239992227324578256e-02
8.910216638863696637e-02
8.604207739882582806e-02
8.321965530381233989e-02
8.063490010359652960e-02
7.828781179817834168e-02
7.617839038755783165e-02
7.430663587173499951e-02
7.267254825070981750e-02
7.127612752448228561e-02
7.011737369305240386e-02
6.919628675642019999e-02
6.851286671458567401e-02
6.806711356754877040e-02
6.785902731530951693e-02
6.788860795786796909e-02
6.815585549522407138e-02
6.866076992737779605e-02
6.940335125432919861e-02
7.038359947607827904e-02
7.160151459262503737e-02
7.305709660396939031e-02
7.475034551011142114e-02
7.668126131105115761e-02
7.884984400678854422e-02
8.125609359732355319e-02
8.390001008265621230e-02
8.678159346278657704e-02
8.990084373772760928e-02
1.025561435038223057e-01
1.023772775411922048e-01
1.048121056084313080e-01
7.913168012248568417e-02
6.094170590968459728e-02
6.066270643784914957e-02
5.953313081526771799e-02
4.944009246464871332e-02
6.181903996673737689e-02
4.943797739644471140e-02
4.219755408120783036e-02
4.404057705981756499e-02
4.835954782040483707e-02
5.607791412656069896e-02
5.693237543900303566e-02
6.480643629155688479e-02
9.080655667885731419e-02
1.150694488969144919e-01
1.389236223436181861e-01
1.633094387514738011e-01
1.929166148503700662e-01
2.202959187688263709e-01
2.507593419784009958e-01
2.740685951484796989e-01
2.904609417068330091e-01
3.093514882589942228e-01
2.737820406837901954e-01
2.668907093201065006e-01
2.206207661838404666e-01
2.079414793628240887e-01
2.579176113385932001e-01
2.425175378333668530e-01
2.792524958458614259e-01
3.033151326245556167e-01
3.448366518516131074e-01
3.479391599081537167e-01
3.458310667369161040e-01
4.005288853525600379e-01
3.717571718955403060e-01
3.978109093139553520e-01
4.233393311457386843e-01
4.022103651127796331e-01
3.717268024485497757e-01
4.053679140020965410e-01
4.488591400048002056e-01
4.589492392262172760e-01
4.876434993949990693e-01
5.099512759618929358e-01
5.851502392058235413e-01
6.221898689608758026e-01
6.620094684563475607e-01
6.618157124202727060e-01
6.695045884231936029e-01
7.131405836821020916e-01
7.392484016261416935e-01
7.664883132584530134e-01
8.057738221014063562e-01
8.346708034365992734e-01
8.915601204115626288e-01
9.544287339768989797e-01
1.016174362644535867e+00
1.070550567445575973e+00
1.139162043639495803e+00
1.208616906405402425e+00
1.367883047653555506e+00
1.472499859907323794e+00
1.557135156712918800e+00
1.749512500560750583e+00
1.820391901592303574e+00
1.970130507975791589e+00
2.082684712555324502e+00
2.307427939488542190e+00
2.423349990277407606e+00
2.498039064611428550e+00
2.612336152898209196e+00
2.736408354333473625e+00
2.961449802466830317e+00
3.101213527033053641e+00
3.234381184159558664e+00
3.385426604040260301e+00
3.535419270938914504e+00
3.689077722894313016e+00
3.800338772951544541e+00
3.952797184107724959e+00
4.080668594224214019e+00
4.213447851856123805e+00
4.320704237110732038e+00
4.477751736501068613e+00
4.617782129716950124e+00
4.780358068937131222e+00
4.946225379859576776e+00
5.130141946915903084e+00
5.350786332587294858e+00
5.570880907799843129e+00
5.764074543733181955e+00
5.979064923460255088e+00
6.198136757346514258e+00
6.399818600606738350e+00
6.644964477422714566e+00
6.860213751614329780e+00
7.036830241639071559e+00
7.192943341207879371e+00
7.383247959631258794e+00
7.694490004237176883e+00
7.942054530251100530e+00
8.103800967769666741e+00
8.272589350912836537e+00
8.414363982100496742e+00
8.578331490941655701e+00
8.759736739594480071e+00
8.953019179291107577e+00
9.150643334966888531e+00
9.392193831387782410e+00
9.602535424122201846e+00
9.806895932624433598e+00
1.004346919990826059e+01
1.020252928041407259e+01
1.030140727034594761e+01
1.043415518759503513e+01
1.058414374478667774e+01
1.070632659092239791e+01
1.079307247756801758e+01
1.088822171460662247e+01
1.097345829365888470e+01
1.104931041144938497e+01
1.122358759315327603e+01
1.137109565546291279e+01
1.155848758646834007e+01
1.171093760081819468e+01
1.181437887186583247e+01
1.196275262671390394e+01
1.205410109427544896e+01
1.212605647082336446e+01
1.226321719369198426e+01
1.236764806515578208e+01
1.246028914709215307e+01
1.251458173546306973e+01
1.264317665264268342e+01
1.272634429189078809e+01
1.276668236908760612e+01
1.288469505930523340e+01
1.297929322819369347e+01
1.300796593754642672e+01
1.300526831187958976e+01
1.304721777221964096e+01
1.311585936632694072e+01
1.314570190004475236e+01
1.315768653027191171e+01
1.312665214253859780e+01
1.314429632175840190e+01
1.316465522423999701e+01
1.316894534595052413e+01
1.314350781532418821e+01
1.317674797007160237e+01
1.317485964432499301e+01
1.322774080228787419e+01
1.321276147354301145e+01
1.324417117655477405e+01
1.318196377863325885e+01
1.312385246827490626e+01
1.309616042634381827e+01
1.307988484446732791e+01
1.305989375169576761e+01
1.294541341423784075e+01
1.287081867801487434e+01
1.283461554878468114e+01
1.267435547296254761e+01
1.266833018967209412e+01
1.256360747136331391e+01
1.252409920397653131e+01
1.230662091137601699e+01
1.218924084310481426e+01
1.210843935541817551e+01
1.201205641756089726e+01
1.196069489288015042e+01
1.178148745909548012e+01
1.166945535275925394e+01
1.152406393873203072e+01
1.136336133443348118e+01
1.122243194587361437e+01
1.108662586936946326e+01
1.096423634499452504e+01
1.082398378572726116e+01
1.068205181138505644e+01
1.054626157722191060e+01
1.045332382829488438e+01
1.031144671647559896e+01
1.020087367334523165e+01
1.006650175963382310e+01
9.930038437578190269e+00
9.795989628398677596e+00
9.608278335185339358e+00
9.426108022786866769e+00
9.270043046625652039e+00
9.082305164828079924e+00
8.912264526675654608e+00
8.703130923428542332e+00
8.457117620736243069e+00
8.261179880264895914e+00
8.147225132083340426e+00
8.049462548811797902e+00
7.950314530257901247e+00
7.708920949466919303e+00
7.443282679236977728e+00
7.323970174117164333e+00
7.189933076755482766e+00
7.026630057771569682e+00
6.891919775838647233e+00
6.770288590164797782e+00
6.642487716904495798e+00
6.490586935694336645e+00
6.288639707123866884e+00
6.146867490027273284e+00
5.998405970831150569e+00
5.775933629646917034e+00
5.627287316342763468e+00
5.549693579680651467e+00
5.437020933205993778e+00
5.295005694007074659e+00
5.175118749670026830e+00
5.086356031350702800e+00
4.992616198488954993e+00
4.912234934524988716e+00
4.841209397380756840e+00
4.731343240826942242e+00
4.618044724735726803e+00
4.513519983181853767e+00
4.415790093401843919e+00
4.297769667200183719e+00
4.193442887478575187e+00
4.089873047854334587e+00
4.027425791209622297e+00
3.864189411539833419e+00
3.755948468135008156e+00
3.666615726192082647e+00
3.550633081841773286e+00
3.435992588558956395e+00
3.306048211364227551e+00
3.210942265169498100e+00
3.081390590045943512e+00
2.987879147172357808e+00
2.898788191452191576e+00
2.828662170351456950e+00
2.739956649515417286e+00
2.606075379538258296e+00
2.516136197348023629e+00
2.380575466913910976e+00
2.315854131722102416e+00
2.189990864158452677e+00
2.101758945384379462e+00
2.035065228100817691e+00
1.965962454218168176e+00
1.857859836840339840e+00
1.786181885002458669e+00
1.646560612596686513e+00
1.586558414907933701e+00
1.453684133211530005e+00
1.409740622455647685e+00
1.372009893488576937e+00
1.320763402942543463e+00
1.249997293692755029e+00
1.191999526663789055e+00
1.145437683531531192e+00
1.107624987305072972e+00
1.058065670919497103e+00
1.025581439854955867e+00
9.734912468211076586e-01
9.228736400839476772e-01
8.737286196433302621e-01
8.260561854992536368e-01
7.798563376517195778e-01
7.351290761007271968e-01
6.918744008462773820e-01
6.500923118883683571e-01
6.097828092270018985e-01
5.709458928621780061e-01
5.335815627938949035e-01
4.976898190221534790e-01
4.632706615469555089e-01
4.303240903682983287e-01
3.988501054861828266e-01
3.688487069006098906e-01
3.403198946115795209e-01
3.132636686190890529e-01
2.876800289231420393e-01
2.635689755237375920e-01
2.409305084208730463e-01
2.197646276145519550e-01
2.000713331047725418e-01
1.818506248915348067e-01
1.651025029748378614e-01
1.498269673546852587e-01
1.360240180310725577e-01
1.236936550040024230e-01
1.128358782734739663e-01
1.034506878394880758e-01
9.553808370204386335e-02
8.909806586114132898e-02
8.413063431678136084e-02
8.063578906896218257e-02
7.861353011768557053e-02
7.806385746295063655e-02
7.898677110475826879e-02
8.138227104310757909e-02
8.525035727799767926e-02
9.059102980943123384e-02
9.740428863740646648e-02
1.056901337619224890e-01
1.154485651829819659e-01
1.266795829005813445e-01
1.393831869147241775e-01
1.535593772254095768e-01
1.692081538326348777e-01
1.863295167364036331e-01
2.049234659367131783e-01
2.165538485482900732e-01
2.165538485482900732e-01
2.082650878729304100e-01
2.002139940923684247e-01
1.924005672066040895e-01
1.848248072156374044e-01
1.774867141194683695e-01
1.703862879180970125e-01
1.635235286115233055e-01
1.568984361997472765e-01
1.505110106827688976e-01
1.443612520605881688e-01
1.384491603332050902e-01
1.327747355006197172e-01
1.273379775628319666e-01
1.221388865198418799e-01
1.171774623716494573e-01
1.124537051182546987e-01
1.079676147596576041e-01
1.037191912958581458e-01
9.970843472685636533e-02
9.593534505265224888e-02
9.239992227324578256e-02
8.910216638863696637e-02
8.604207739882582806e-02
8.321965530381233989e-02
8.063490010359652960e-02
7.828781179817834168e-02
7.617839038755783165e-02
7.430663587173499951e-02
7.267254825070981750e-02
7.127612752448228561e-02
7.011737369305240386e-02
6.919628675642019999e-02
6.851286671458567401e-02
6.806711356754877040e-02
6.785902731530951693e-02
6.788860795786796909e-02
6.815585549522407138e-02
6.866076992737779605e-02
6.940335125432919861e-02
7.038359947607827904e-02
7.160151459262503737e-02
7.305709660396939031e-02
7.475034551011142114e-02
7.668126131105115761e-02
7.884984400678854422e-02
8.125609359732355319e-02
8.390001008265621230e-02
8.678159346278657704e-02
8.990084373772760928e-02
1.025561435038223057e-01
1.023772775411922048e-01
1.048121056084313080e-01
7.913168012248568417e-02
6.094170590968459728e-02
6.066270643784914957e-02
5.953313081526771799e-02
4.944009246464871332e-02
6.181903996673737689e-02
4.943797739644471140e-02
4.219755408120783036e-02
4.404057705981756499e-02
4.835954782040483707e-02
5.607791412656069896e-02
5.693237543900303566e-02
6.480643629155688479e-02
9.080655667885731419e-02
1.150694488969144919e-01
1.389236223436181861e-01
1.633094387514738011e-01
1.929166148503700662e-01
2.202959187688263709e-01
2.507593419784009958e-01
2.740685951484796989e-01
2.904609417068330091e-01
3.093514882589942228e-01
2.737820406837901954e-01
2.668907093201065006e-01
2.206207661838404666e-01
2.079414793628240887e-01
2.579176113385932001e-01
2.425175378333668530e-01
2.792524958458614259e-01
3.033151326245556167e-01
3.448366518516131074e-01
3.479391599081537167e-01
3.458310667369161040e-01
4.005288853525600379e-01
3.717571718955403060e-01
3.978109093139553520e-01
4.233393311457386843e-01
4.022103651127796331e-01
3.717268024485497757e-01
4.053679140020965410e-01
4.488591400048002056e-01
4.589492392262172760e-01
4.876434993949990693e-01
5.099512759618929358e-01
5.851502392058235413e-01
6.221898689608758026e-01
6.620094684563475607e-01
6.618157124202727060e-01
6.695045884231936029e-01
7.131405836821020916e-01
7.392484016261416935e-01
7.664883132584530134e-01
8.057738221014063562e-01
8.346708034365992734e-01
8.915601204115626288e-01
9.544287339768989797e-01
1.016174362644535867e+00
1.070550567445575973e+00
1.139162043639495803e+00
1.208616906405402425e+00
1.367883047653555506e+00
1.472499859907323794e+00
1.557135156712918800e+00
1.749512500560750583e+00
1.820391901592303574e+00
1.970130507975791589e+00
2.082684712555324502e+00
2.307427939488542190e+00
2.423349990277407606e+00
2.498039064611428550e+00
2.612336152898209196e+00
2.736408354333473625e+00
2.961449802466830317e+00
3.101213527033053641e+00
3.234381184159558664e+00
3.385426604040260301e+00
3.535419270938914504e+00
3.689077722894313016e+00
3.800338772951544541e+00
3.952797184107724959e+00
4.080668594224214019e+00
4.213447851856123805e+00
4.320704237110732038e+00
4.477751736501068613e+00
4.617782129716950124e+00
4.780358068937131222e+00
4.946225379859576776e+00
5.130141946915903084e+00
5.350786332587294858e+00
5.570880907799843129e+00
5.764074543733181955e+00
5.979064923460255088e+00
6.198136757346514258e+00
6.399818600606738350e+00
6.644964477422714566e+00
6.860213751614329780e+00
7.036830241639071559e+00
7.192943341207879371e+00
7.383247959631258794e+00
7.694490004237176883e+00
7.942054530251100530e+00
8.103800967769666741e+00
8.272589350912836537e+00
8.414363982100496742e+00
8.578331490941655701e+00
8.759736739594480071e+00
8.953019179291107577e+00
9.150643334966888531e+00
9.392193831387782410e+00
9.602535424122201846e+00
9.806895932624433598e+00
1.004346919990826059e+01
1.020252928041407259e+01
1.030140727034594761e+01
1.043415518759503513e+01
1.058414374478667774e+01
1.070632659092239791e+01
1.079307247756801758e+01
1.088822171460662247e+01
1.097345829365888470e+01
1.104931041144938497e+01
1.122358759315327603e+01
1.137109565546291279e+01
1.155848758646834007e+01
1.171093760081819468e+01
1.181437887186583247e+01
1.196275262671390394e+01
1.205410109427544896e+01
1.212605647082336446e+01
1.226321719369198426e+01
1.236764806515578208e+01
1.246028914709215307e+01
1.251458173546306973e+01
1.264317665264268342e+01
1.272634429189078809e+01
1.276668236908760612e+01
1.288469505930523340e+01
1.297929322819369347e+01
1.300796593754642672e+01
1.300526831187958976e+01
1.304721777221964096e+01
1.311585936632694072e+01
1.314570190004475236e+01
1.315768653027191171e+01
1.312665214253859780e+01
1.314429632175840190e+01
1.316465522423999701e+01
1.316894534595052413e+01
1.314350781532418821e+01
1.317674797007160237e+01
1.317485964432499301e+01
1.322774080228787419e+01
1.321276147354301145e+01
1.324417117655477405e+01
1.318196377863325885e+01
1.312385246827490626e+01
1.309616042634381827e+01
1.307988484446732791e+01
1.305989375169576761e+01
1.294541341423784075e+01
1.287081867801487434e+01
1.283461554878468114e+01
1.267435547296254761e+01
1.266833018967209412e+01
1.256360747136331391e+01
1.252409920397653131e+01
1.230662091137601699e+01
1.218924084310481426e+01
1.210843935541817551e+01
1.201205641756089726e+01
1.196069489288015042e+01
1.178148745909548012e+01
1.166945535275925394e+01
1.152406393873203072e+01
1.136336133443348118e+01
1.122243194587361437e+01
1.108662586936946326e+01
1.096423634499452504e+01
1.082398378572726116e+01
1.068205181138505644e+01
1.054626157722191060e+01
1.045332382829488438e+01
1.031144671647559896e+01
1.020087367334523165e+01
1.006650175963382310e+01
9.930038437578190269e+00
9.795989628398677596e+00
9.608278335185339358e+00
9.426108022786866769e+00
9.270043046625652039e+00
9.082305164828079924e+00
8.912264526675654608e+00
8.703130923428542332e+00
8.457117620736243069e+00
8.261179880264895914e+00
8.147225132083340426e+00
8.049462548811797902e+00
7.950314530257901247e+00
7.708920949466919303e+00
7.443282679236977728e+00
7.323970174117164333e+00
7.189933076755482766e+00
7.026630057771569682e+00
6.891919775838647233e+00
6.770288590164797782e+00
6.642487716904495798e+00
6.490586935694336645e+00
6.288639707123866884e+00
6.146867490027273284e+00
5.998405970831150569e+00
5.775933629646917034e+00
5.627287316342763468e+00
5.549693579680651467e+00
5.437020933205993778e+00
5.295005694007074659e+00
5.175118749670026830e+00
5.086356031350702800e+00
4.992616198488954993e+00
4.912234934524988716e+00
4.841209397380756840e+00
4.731343240826942242e+00
4.618044724735726803e+00
4.513519983181853767e+00
4.415790093401843919e+00
4.297769667200183719e+00
4.193442887478575187e+00
4.089873047854334587e+00
4.027425791209622297e+00
3.864189411539833419e+00
3.755948468135008156e+00
3.666615726192082647e+00
3.550633081841773286e+00
3.435992588558956395e+00
3.306048211364227551e+00
3.210942265169498100e+00
3.081390590045943512e+00
2.987879147172357808e+00
2.898788191452191576e+00
2.828662170351456950e+00
2.739956649515417286e+00
2.606075379538258296e+00
2.516136197348023629e+00
2.380575466913910976e+00
2.315854131722102416e+00
2.189990864158452677e+00
2.101758945384379462e+00
2.035065228100817691e+00
1.965962454218168176e+00
1.857859836840339840e+00
1.786181885002458669e+00
1.646560612596686513e+00
1.586558414907933701e+00
1.453684133211530005e+00
1.409740622455647685e+00
1.372009893488576937e+00
1.320763402942543463e+00
1.249997293692755029e+00
1.191999526663789055e+00
1.145437683531531192e+00
1.107624987305072972e+00
1.058065670919497103e+00
1.025581439854955867e+00
9.734912468211076586e-01
9.228736400839476772e-01
8.737286196433302621e-01
8.260561854992536368e-01
7.798563376517195778e-01
7.351290761007271968e-01
6.918744008462773820e-01
6.500923118883683571e-01
6.097828092270018985e-01
5.709458928621780061e-01
5.335815627938949035e-01
4.976898190221534790e-01
4.632706615469555089e-01
4.303240903682983287e-01
3.988501054861828266e-01
3.688487069006098906e-01
3.403198946115795209e-01
3.132636686190890529e-01
2.876800289231420393e-01
2.635689755237375920e-01
2.409305084208730463e-01
2.197646276145519550e-01
2.000713331047725418e-01
1.818506248915348067e-01
1.651025029748378614e-01
1.498269673546852587e-01
1.360240180310725577e-01
1.236936550040024230e-01
1.128358782734739663e-01
1.034506878394880758e-01
9.553808370204386335e-02
8.909806586114132898e-02
8.413063431678136084e-02
8.063578906896218257e-02
7.861353011768557053e-02
7.806385746295063655e-02
7.898677110475826879e-02
8.138227104310757909e-02
8.525035727799767926e-02
9.059102980943123384e-02
9.740428863740646648e-02
1.056901337619224890e-01
1.154485651829819659e-01
1.266795829005813445e-01
1.393831869147241775e-01
1.535593772254095768e-01
1.692081538326348777e-01
1.863295167364036331e-01
2.049234659367131783e-01
