0,6,2
6,6,2
12,6,2
18,6,2
24,6,2
30,6,2
36,6,2
42,6,2
48,6,2
54,6,2
60,6,2
66,6,2
72,6,2
78,6,2
84,6,2
90,6,2
96,6,2
102,6,2
108,6,2
114,6,2
120,6,2
126,6,2
132,6,2
138,6,2
144,6,2
150,6,2
156,6,2
162,6,2
168,6,2
174,6,2
180,6,2
186,6,2
192,6,2
198,6,2
204,6,2
210,6,2
216,6,2
222,6,2
228,6,2
234,6,2
240,6,2
246,6,2
252,6,2
258,6,2
264,6,2
270,6,2
276,6,2
282,6,2
288,6,2
294,6,2
300,6,2
306,6,2
312,6,2
318,6,2
324,6,2
330,6,2
336,6,2
342,6,2
348,6,2
354,6,2
360,6,2
366,6,2
372,6,2
378,6,2
384,6,2
390,6,2
396,6,2
402,6,2
408,6,2
414,6,2
420,6,2
426,6,2
432,6,2
438,6,2
444,6,2
450,6,2
456,6,2
462,6,2
468,6,2
474,6,2
480,6,2
486,6,2
492,6,2
498,6,2
504,6,2
510,6,2
516,6,2
522,6,2
528,6,2
534,6,2
540,6,2
546,6,2
552,6,2
558,6,2
564,6,2
570,6,2
576,6,2
582,6,2
588,6,2
594,6,2
600,6,2
606,6,2
612,6,2
618,6,2
624,6,2
630,6,2
636,6,2
642,6,2
648,6,2
654,6,2
660,6,2
666,6,2
672,6,2
678,6,2
684,6,2
690,6,2
696,6,2
702,6,2
708,6,2
714,6,2
720,6,2
726,6,2
732,6,2
738,6,2
744,6,2
750,6,2
756,6,2
762,6,2
768,6,2
774,6,2
780,6,2
786,6,2
792,6,2
798,6,2
804,6,2
810,6,2
816,6,2
822,6,2
828,6,2
834,6,2
840,6,2
846,6,2
852,6,2
858,6,2
864,6,2
870,6,2
876,6,2
882,6,2
888,6,2
894,6,2
900,6,2
906,6,2
912,6,2
918,6,2
924,6,2
930,6,2
936,6,2
942,6,2
948,6,2
954,6,2
960,6,2
966,6,2
972,6,2
978,6,2
984,6,2
990,6,2
996,6,2
1002,6,2
1008,6,2
1014,6,2
1020,6,2
1026,6,2
1032,6,2
1038,6,2
1044,6,2
1050,6,2
1056,6,2
1062,6,2
1068,6,2
1074,6,2
1080,6,2
1086,6,2
1092,6,2
1098,6,2
1104,6,2
1110,6,2
1116,6,2
1122,6,2
1128,6,2
1134,6,2
1140,6,2
1146,6,2
1152,6,2
1158,6,2
1164,6,2
1170,6,2
1176,6,2
1182,6,2
1188,6,2
1194,6,2
1200,6,2
1206,6,2
1212,6,2
1218,6,2
1224,6,2
1230,6,2
1236,6,2
1242,6,2
1248,6,2
1254,6,2
1260,6,2
1266,6,2
1272,6,2
1278,6,2
1284,6,2
1290,6,2
1296,6,2
1302,6,2
1308,6,2
1314,6,2
1320,6,2
1326,6,2
1332,6,2
1338,6,2
1344,6,2
1350,6,2
1356,6,2
1362,6,2
1368,6,2
1374,6,2
1380,6,2
1386,6,2
1392,6,2
1398,6,2
1404,6,2
1410,6,2
1416,6,2
1422,6,2
1428,6,2
1434,6,2
1440,6,2
1446,6,2
1452,6,2
1458,6,2
1464,6,2
1470,6,2
1476,6,2
1482,6,2
1488,6,2
1494,6,2
1500,6,2
1506,6,2
1512,6,2
1518,6,2
1524,6,2
1530,6,2
1536,6,2
1542,6,2
1548,6,2
1554,6,2
1560,6,2
1566,6,2
1572,6,2
1578,6,2
1584,6,2
1590,6,2
1596,6,2
1602,6,2
1608,6,2
1614,6,2
1620,6,2
1626,6,2
1632,6,2
1638,6,2
1644,6,2
1650,6,2
1656,6,2
1662,6,2
1668,6,2
1674,6,2
1680,6,2
1686,6,2
1692,6,2
1698,6,2
1704,6,2
1710,6,2
1716,6,2
1722,6,2
1728,6,2
1734,6,2
1740,6,2
1746,6,2
1752,6,2
1758,6,2
1764,6,2
1770,6,2
1776,6,2
1782,6,2
1788,6,2
1794,6,2
1800,6,2
1806,6,2
1812,6,2
1818,6,2
1824,6,2
1830,6,2
1836,6,2
1842,6,2
1848,6,2
1854,6,2
1860,6,2
1866,6,2
1872,6,2
1878,6,2
1884,6,2
1890,6,2
1896,6,2
1902,6,2
1908,6,2
1914,6,2
1920,6,2
1926,6,2
1932,6,2
1938,6,2
1944,6,2
1950,6,2
1956,6,2
1962,6,2
1968,6,2
1974,6,2
1980,6,2
1986,6,2
1992,6,2
1998,6,2
2004,6,2
2010,6,2
2016,6,2
2022,6,2
2028,6,2
2034,6,2
2040,6,2
2046,6,2
2052,6,2
2058,6,2
2064,6,2
2070,6,2
2076,6,2
2082,6,2
2088,6,2
2094,6,2
2100,6,2
2106,6,2
2112,6,2
2118,6,2
2124,6,2
2130,6,2
2136,6,2
2142,6,2
2148,6,2
2154,6,2
2160,6,2
2166,6,2
2172,6,2
2178,6,2
2184,6,2
2190,6,2
2196,6,2
2202,6,2
2208,6,2
2214,6,2
2220,6,2
2226,6,2
2232,6,2
2238,6,2
2244,6,2
2250,6,2
2256,6,2
2262,6,2
2268,6,2
2274,6,2
2280,6,2
2286,6,2
2292,6,2
2298,6,2
2304,6,2
2310,6,2
2316,6,2
2322,6,2
2328,6,2
2334,6,2
2340,6,2
2346,6,2
2352,6,2
2358,6,2
2364,6,2
2370,6,2
2376,6,2
2382,6,2
2388,6,2
2394,6,2
2400,6,2
2406,6,2
2412,6,2
2418,6,2
2424,6,2
2430,6,2
2436,6,2
2442,6,2
2448,6,2
2454,6,2
2460,6,2
2466,6,2
2472,6,2
2478,6,2
2484,6,2
2490,6,2
2496,6,2
2502,6,2
2508,6,2
2514,6,2
2520,6,2
2526,6,2
2532,6,2
2538,6,2
2544,6,2
2550,6,2
2556,6,2
2562,6,2
2568,6,2
2574,6,2
2580,6,2
2586,6,2
2592,6,2
2598,6,2
2604,6,2
2610,6,2
2616,6,2
2622,6,2
2628,6,2
2634,6,2
2640,6,2
2646,6,2
2652,6,2
2658,6,2
2664,6,2
2670,6,2
2676,6,2
2682,6,2
2688,6,2
2694,6,2
2700,6,2
2706,6,2
2712,6,2
2718,6,2
2724,6,2
2730,6,2
2736,6,2
2742,6,2
2748,6,2
2754,6,2
2760,6,2
2766,6,2
2772,6,2
2778,6,2
2784,6,2
2790,6,2
2796,6,2
2802,6,2
2808,6,2
2814,6,2
2820,6,2
2826,6,2
2832,6,2
2838,6,2
2844,6,2
2850,6,2
2856,6,2
2862,6,2
2868,6,2
2874,6,2
2880,6,2
2886,6,2
2892,6,2
2898,6,2
2904,6,2
2910,6,2
2916,6,2
2922,6,2
2928,6,2
2934,6,2
2940,6,2
2946,6,2
2952,6,2
2958,6,2
2964,6,2
2970,6,2
2976,6,2
2982,6,2
2988,6,2
2994,6,2
3000,6,2
3006,6,2
3012,6,2
3018,6,2
3024,6,2
3030,6,2
3036,6,2
3042,6,2
3048,6,2
3054,6,2
3060,6,2
3066,6,2
3072,6,2
3078,6,2
3084,6,2
3090,6,2
3096,6,2
3102,6,2
3108,6,2
3114,6,2
3120,6,2
3126,6,2
3132,6,2
3138,6,2
3144,6,2
3150,6,2
3156,6,2
3162,6,2
3168,6,2
3174,6,2
3180,6,2
3186,6,2
3192,6,2
3198,6,2
3204,6,2
3210,6,2
3216,6,2
3222,6,2
3228,6,2
3234,6,2
3240,6,2
3246,6,2
3252,6,2
3258,6,2
3264,6,2
3270,6,2
3276,6,2
3282,6,2
3288,6,2
3294,6,2
3300,6,2
3306,6,2
3312,6,2
3318,6,2
3324,6,2
3330,6,2
3336,6,2
3342,6,2
3348,6,2
3354,6,2
3360,6,2
3366,6,2
3372,6,2
3378,6,2
3384,6,2
3390,6,2
3396,6,2
3402,6,2
3408,6,2
3414,6,2
3420,6,2
3426,6,2
3432,6,2
3438,6,2
3444,6,2
3450,6,2
3456,6,2
3462,6,2
3468,6,2
3474,6,2
3480,6,2
3486,6,2
3492,6,2
3498,6,2
3504,6,2
3510,6,2
3516,6,2
3522,6,2
3528,6,2
3534,6,2
3540,6,2
3546,6,2
3552,6,2
3558,6,2
3564,6,2
3570,6,2
3576,6,2
3582,6,2
3588,6,2
3594,6,2
3600,6,2
3606,6,2
3612,6,2
3618,6,2
3624,6,2
3630,6,2
3636,6,2
3642,6,2
3648,6,2
3654,6,2
3660,6,2
3666,6,2
3672,6,2
3678,6,2
3684,6,2
3690,6,2
3696,6,2
3702,6,2
3708,6,2
3714,6,2
3720,6,2
3726,6,2
3732,6,2
3738,6,2
3744,6,2
3750,6,2
3756,6,2
3762,6,2
3768,6,2
3774,6,2
3780,6,2
3786,6,2
3792,6,2
3798,6,2
3804,6,2
3810,6,2
3816,6,2
3822,6,2
3828,6,2
3834,6,2
3840,6,2
3846,6,2
3852,6,2
3858,6,2
3864,6,2
3870,6,2
3876,6,2
3882,6,2
3888,6,2
3894,6,2
3900,6,2
3906,6,2
3912,6,2
3918,6,2
3924,6,2
3930,6,2
3936,6,2
3942,6,2
3948,6,2
3954,6,2
3960,6,2
3966,6,2
3972,6,2
3978,6,2
3984,6,2
3990,6,2
3996,6,2
4002,6,2
4008,6,2
4014,6,2
4020,6,2
4026,6,2
4032,6,2
4038,6,2
4044,6,2
4050,6,2
4056,6,2
4062,6,2
4068,6,2
4074,6,2
4080,6,2
4086,6,2
4092,6,2
4098,6,2
4104,6,2
4110,6,2
4116,6,2
4122,6,2
4128,6,2
4134,6,2
4140,6,2
4146,6,2
4152,6,2
4158,6,2
4164,6,2
4170,6,2
4176,6,2
4182,6,2
4188,6,2
4194,6,2
4200,6,2
4206,6,2
4212,6,2
4218,6,2
4224,6,2
4230,6,2
4236,6,2
4242,6,2
4248,6,2
4254,6,2
4260,6,2
4266,6,2
4272,6,2
4278,6,2
4284,6,2
4290,6,2
4296,6,2
4302,6,2
4308,6,2
4314,6,2
4320,6,2
4326,6,2
4332,6,2
4338,6,2
4344,6,2
4350,6,2
4356,6,2
4362,6,2
4368,6,2
4374,6,2
4380,6,2
4386,6,2
4392,6,2
4398,6,2
4404,6,2
4410,6,2
4416,6,2
4422,6,2
4428,6,2
4434,6,2
4440,6,2
4446,6,2
4452,6,2
4458,6,2
4464,6,2
4470,6,2
4476,6,2
4482,6,2
4488,6,2
4494,6,2
4500,6,2
4506,6,2
4512,6,2
4518,6,2
4524,6,2
4530,6,2
4536,6,2
4542,6,2
4548,6,2
4554,6,2
4560,6,2
4566,6,2
4572,6,2
4578,6,2
4584,6,2
4590,6,2
4596,6,2
4602,6,2
4608,6,2
4614,6,2
4620,6,2
4626,6,2
4632,6,2
4638,6,2
4644,6,2
4650,6,2
4656,6,2
4662,6,2
4668,6,2
4674,6,2
4680,6,2
4686,6,2
4692,6,2
4698,6,2
4704,6,2
4710,6,2
4716,6,2
4722,6,2
4728,6,2
4734,6,2
4740,6,2
4746,6,2
4752,6,2
4758,6,2
4764,6,2
4770,6,2
4776,6,2
4782,6,2
4788,6,2
4794,6,2
4800,6,2
4806,6,2
4812,6,2
4818,6,2
4824,6,2
4830,6,2
4836,6,2
4842,6,2
4848,6,2
4854,6,2
4860,6,2
4866,6,2
4872,6,2
4878,6,2
4884,6,2
4890,6,2
4896,6,2
4902,6,2
4908,6,2
4914,6,2
4920,6,2
4926,6,2
4932,6,2
4938,6,2
4944,6,2
4950,6,2
4956,6,2
4962,6,2
4968,6,2
4974,6,2
4980,6,2
4986,6,2
4992,6,2
4998,6,2
5004,6,2
5010,6,2
5016,6,2
5022,6,2
5028,6,2
5034,6,2
5040,6,2
5046,6,2
5052,6,2
5058,6,2
5064,6,2
5070,6,2
5076,6,2
5082,6,2
5088,6,2
5094,6,2
5100,6,2
5106,6,2
5112,6,2
5118,6,2
5124,6,2
5130,6,2
5136,6,2
5142,6,2
5148,6,2
5154,6,2
5160,6,2
5166,6,2
5172,6,2
5178,6,2
5184,6,2
5190,6,2
5196,6,2
5202,6,2
5208,6,2
5214,6,2
5220,6,2
5226,6,2
5232,6,2
5238,6,2
5244,6,2
5250,6,2
5256,6,2
5262,6,2
5268,6,2
5274,6,2
5280,6,2
5286,6,2
5292,6,2
5298,6,2
5304,6,2
5310,6,2
5316,6,2
5322,6,2
5328,6,2
5334,6,2
5340,6,2
5346,6,2
5352,6,2
5358,6,2
5364,6,2
5370,6,2
5376,6,2
5382,6,2
5388,6,2
5394,6,2
5400,6,2
5406,6,2
5412,6,2
5418,6,2
5424,6,2
5430,6,2
5436,6,2
5442,6,2
5448,6,2
5454,6,2
5460,6,2
5466,6,2
5472,6,2
5478,6,2
5484,6,2
5490,6,2
5496,6,2
5502,6,2
5508,6,2
5514,6,2
5520,6,2
5526,6,2
5532,6,2
5538,6,2
5544,6,2
5550,6,2
5556,6,2
5562,6,2
5568,6,2
5574,6,2
5580,6,2
5586,6,2
5592,6,2
5598,6,2
5604,6,2
5610,6,2
5616,6,2
5622,6,2
5628,6,2
5634,6,2
5640,6,2
5646,6,2
5652,6,2
5658,6,2
5664,6,2
5670,6,2
5676,6,2
5682,6,2
5688,6,2
5694,6,2
5700,6,2
5706,6,2
5712,6,2
5718,6,2
5724,6,2
5730,6,2
5736,6,2
5742,6,2
5748,6,2
5754,6,2
5760,6,2
5766,6,2
5772,6,2
5778,6,2
5784,6,2
5790,6,2
5796,6,2
5802,6,2
5808,6,2
5814,6,2
5820,6,2
5826,6,2
5832,6,2
5838,6,2
5844,6,2
5850,6,2
5856,6,2
5862,6,2
5868,6,2
5874,6,2
5880,6,2
5886,6,2
5892,6,2
5898,6,2
5904,6,2
5910,6,2
5916,6,2
5922,6,2
5928,6,2
5934,6,2
5940,6,2
5946,6,2
5952,6,2
5958,6,2
5964,6,2
5970,6,2
5976,6,2
5982,6,2
5988,6,2
5994,6,2
6000,6,2
6006,6,2
6012,6,2
6018,6,2
6024,6,2
6030,6,2
6036,6,2
6042,6,2
6048,6,2
6054,6,2
6060,6,2
6066,6,2
6072,6,2
6078,6,2
6084,6,2
6090,6,2
6096,6,2
6102,6,2
6108,6,2
6114,6,2
6120,6,2
6126,6,2
6132,6,2
6138,6,2
6144,6,2
6150,6,2
6156,6,2
6162,6,2
6168,6,2
6174,6,2
6180,6,2
6186,6,2
6192,6,2
6198,6,2
6204,6,2
6210,6,2
6216,6,2
6222,6,2
6228,6,2
6234,6,2
6240,6,2
6246,6,2
6252,6,2
6258,6,2
6264,6,2
6270,6,2
6276,6,2
6282,6,2
6288,6,2
6294,6,2
6300,6,2
6306,6,2
6312,6,2
6318,6,2
6324,6,2
6330,6,2
6336,6,2
6342,6,2
6348,6,2
6354,6,2
6360,6,2
6366,6,2
6372,6,2
6378,6,2
6384,6,2
6390,6,2
6396,6,2
6402,6,2
6408,6,2
6414,6,2
6420,6,2
6426,6,2
6432,6,2
6438,6,2
6444,6,2
6450,6,2
6456,6,2
6462,6,2
6468,6,2
6474,6,2
6480,6,2
6486,6,2
6492,6,2
6498,6,2
6504,6,2
6510,6,2
6516,6,2
6522,6,2
6528,6,2
6534,6,2
6540,6,2
6546,6,2
6552,6,2
6558,6,2
6564,6,2
6570,6,2
6576,6,2
6582,6,2
6588,6,2
6594,6,2
6600,6,2
6606,6,2
6612,6,2
6618,6,2
6624,6,2
6630,6,2
6636,6,2
6642,6,2
6648,6,2
6654,6,2
6660,6,2
6666,6,2
6672,6,2
6678,6,2
6684,6,2
6690,6,2
6696,6,2
6702,6,2
6708,6,2
6714,6,2
6720,6,2
6726,6,2
6732,6,2
6738,6,2
6744,6,2
6750,6,2
6756,6,2
6762,6,2
6768,6,2
6774,6,2
6780,6,2
6786,6,2
6792,6,2
6798,6,2
6804,6,2
6810,6,2
6816,6,2
6822,6,2
6828,6,2
6834,6,2
6840,6,2
6846,6,2
6852,6,2
6858,6,2
6864,6,2
6870,6,2
6876,6,2
6882,6,2
6888,6,2
6894,6,2
6900,6,2
6906,6,2
6912,6,2
6918,6,2
6924,6,2
6930,6,2
6936,6,2
6942,6,2
6948,6,2
6954,6,2
6960,6,2
6966,6,2
6972,6,2
6978,6,2
6984,6,2
6990,6,2
6996,6,2
7002,6,2
7008,6,2
7014,6,2
7020,6,2
7026,6,2
7032,6,2
7038,6,2
7044,6,2
7050,6,2
7056,6,2
7062,6,2
7068,6,2
7074,6,2
7080,6,2
7086,6,2
7092,6,2
7098,6,2
7104,6,2
7110,6,2
7116,6,2
7122,6,2
7128,6,2
7134,6,2
7140,6,2
7146,6,2
7152,6,2
7158,6,2
7164,6,2
7170,6,2
7176,6,2
7182,6,2
7188,6,2
7194,6,2
7200,6,2
7206,6,2
7212,6,2
7218,6,2
7224,6,2
7230,6,2
7236,6,2
7242,6,2
7248,6,2
7254,6,2
7260,6,2
7266,6,2
7272,6,2
7278,6,2
7284,6,2
7290,6,2
7296,6,2
7302,6,2
7308,6,2
7314,6,2
7320,6,2
7326,6,2
7332,6,2
7338,6,2
7344,6,2
7350,6,2
7356,6,2
7362,6,2
7368,6,2
7374,6,2
7380,6,2
7386,6,2
7392,6,2
7398,6,2
7404,6,2
7410,6,2
7416,6,2
7422,6,2
7428,6,2
7434,6,2
7440,6,2
7446,6,2
7452,6,2
7458,6,2
7464,6,2
7470,6,2
7476,6,2
7482,6,2
7488,6,2
7494,6,2
7500,6,2
7506,6,2
7512,6,2
7518,6,2
7524,6,2
7530,6,2
7536,6,2
7542,6,2
7548,6,2
7554,6,2
7560,6,2
7566,6,2
7572,6,2
7578,6,2
7584,6,2
7590,6,2
7596,6,2
7602,6,2
7608,6,2
7614,6,2
7620,6,2
7626,6,2
7632,6,2
7638,6,2
7644,6,2
7650,6,2
7656,6,2
7662,6,2
7668,6,2
7674,6,2
7680,6,2
7686,6,2
7692,6,2
7698,6,2
7704,6,2
7710,6,2
7716,6,2
7722,6,2
7728,6,2
7734,6,2
7740,6,2
7746,6,2
7752,6,2
7758,6,2
7764,6,2
7770,6,2
7776,6,2
7782,6,2
7788,6,2
7794,6,2
7800,6,2
7806,6,2
7812,6,2
7818,6,2
7824,6,2
7830,6,2
7836,6,2
7842,6,2
7848,6,2
7854,6,2
7860,6,2
7866,6,2
7872,6,2
7878,6,2
7884,6,2
7890,6,2
7896,6,2
7902,6,2
7908,6,2
7914,6,2
7920,6,2
7926,6,2
7932,6,2
7938,6,2
7944,6,2
7950,6,2
7956,6,2
7962,6,2
7968,6,2
7974,6,2
7980,6,2
7986,6,2
7992,6,2
7998,6,2
8004,6,2
8010,6,2
8016,6,2
8022,6,2
8028,6,2
8034,6,2
8040,6,2
8046,6,2
8052,6,2
8058,6,2
8064,6,2
8070,6,2
8076,6,2
8082,6,2
8088,6,2
8094,6,2
8100,6,2
8106,6,2
8112,6,2
8118,6,2
8124,6,2
8130,6,2
8136,6,2
8142,6,2
8148,6,2
8154,6,2
8160,6,2
8166,6,2
8172,6,2
8178,6,2
8184,6,2
8190,6,2
8196,6,2
8202,6,2
8208,6,2
8214,6,2
8220,6,2
8226,6,2
8232,6,2
8238,6,2
8244,6,2
8250,6,2
8256,6,2
8262,6,2
8268,6,2
8274,6,2
8280,6,2
8286,6,2
8292,6,2
8298,6,2
8304,6,2
8310,6,2
8316,6,2
8322,6,2
8328,6,2
8334,6,2
8340,6,2
8346,6,2
8352,6,2
8358,6,2
8364,6,2
8370,6,2
8376,6,2
8382,6,2
8388,6,2
8394,6,2
8400,6,2
8406,6,2
8412,6,2
8418,6,2
8424,6,2
8430,6,2
8436,6,2
8442,6,2
8448,6,2
8454,6,2
8460,6,2
8466,6,2
8472,6,2
8478,6,2
8484,6,2
8490,6,2
8496,6,2
8502,6,2
8508,6,2
8514,6,2
8520,6,2
8526,6,2
8532,6,2
8538,6,2
8544,6,2
8550,6,2
8556,6,2
8562,6,2
8568,6,2
8574,6,2
8580,6,2
8586,6,2
8592,6,2
8598,6,2
8604,6,2
8610,6,2
8616,6,2
8622,6,2
8628,6,2
8634,6,2
8640,6,2
8646,6,2
8652,6,2
8658,6,2
8664,6,2
8670,6,2
8676,6,2
8682,6,2
8688,6,2
8694,6,2
8700,6,2
8706,6,2
8712,6,2
8718,6,2
8724,6,2
8730,6,2
8736,6,2
8742,6,2
8748,6,2
8754,6,2
8760,6,2
8766,6,2
8772,6,2
8778,6,2
8784,6,2
8790,6,2
8796,6,2
8802,6,2
8808,6,2
8814,6,2
8820,6,2
8826,6,2
8832,6,2
8838,6,2
8844,6,2
8850,6,2
8856,6,2
8862,6,2
8868,6,2
8874,6,2
8880,6,2
8886,6,2
8892,6,2
8898,6,2
8904,6,2
8910,6,2
8916,6,2
8922,6,2
8928,6,2
8934,6,2
8940,6,2
8946,6,2
8952,6,2
8958,6,2
8964,6,2
8970,6,2
8976,6,2
8982,6,2
8988,6,2
8994,6,2
9000,6,2
9006,6,2
9012,6,2
9018,6,2
9024,6,2
9030,6,2
9036,6,2
9042,6,2
9048,6,2
9054,6,2
9060,6,2
9066,6,2
9072,6,2
9078,6,2
9084,6,2
9090,6,2
9096,6,2
9102,6,2
9108,6,2
9114,6,2
9120,6,2
9126,6,2
9132,6,2
9138,6,2
9144,6,2
9150,6,2
9156,6,2
9162,6,2
9168,6,2
9174,6,2
9180,6,2
9186,6,2
9192,6,2
9198,6,2
9204,6,2
9210,6,2
9216,6,2
9222,6,2
9228,6,2
9234,6,2
9240,6,2
9246,6,2
9252,6,2
9258,6,2
9264,6,2
9270,6,2
9276,6,2
9282,6,2
9288,6,2
9294,6,2
9300,6,2
9306,6,2
9312,6,2
9318,6,2
9324,6,2
9330,6,2
9336,6,2
9342,6,2
9348,6,2
9354,6,2
9360,6,2
9366,6,2
9372,6,2
9378,6,2
9384,6,2
9390,6,2
9396,6,2
9402,6,2
9408,6,2
9414,6,2
9420,6,2
9426,6,2
9432,6,2
9438,6,2
9444,6,2
9450,6,2
9456,6,2
9462,6,2
9468,6,2
9474,6,2
9480,6,2
9486,6,2
9492,6,2
9498,6,2
9504,6,2
9510,6,2
9516,6,2
9522,6,2
9528,6,2
9534,6,2
9540,6,2
9546,6,2
9552,6,2
9558,6,2
9564,6,2
9570,6,2
9576,6,2
9582,6,2
9588,6,2
9594,6,2
9600,6,2
9606,6,2
9612,6,2
9618,6,2
9624,6,2
9630,6,2
9636,6,2
9642,6,2
9648,6,2
9654,6,2
9660,6,2
9666,6,2
9672,6,2
9678,6,2
9684,6,2
9690,6,2
9696,6,2
9702,6,2
9708,6,2
9714,6,2
9720,6,2
9726,6,2
9732,6,2
9738,6,2
9744,6,2
9750,6,2
9756,6,2
9762,6,2
9768,6,2
9774,6,2
9780,6,2
9786,6,2
9792,6,2
9798,6,2
9804,6,2
9810,6,2
9816,6,2
9822,6,2
9828,6,2
9834,6,2
9840,6,2
9846,6,2
9852,6,2
9858,6,2
9864,6,2
9870,6,2
9876,6,2
9882,6,2
9888,6,2
9894,6,2
9900,6,2
9906,6,2
9912,6,2
9918,6,2
9924,6,2
9930,6,2
9936,6,2
9942,6,2
9948,6,2
9954,6,2
9960,6,2
9966,6,2
9972,6,2
9978,6,2
9984,6,2
9990,6,2
9996,6,2
10002,6,2
10008,6,2
10014,6,2
10020,6,2
10026,6,2
10032,6,2
10038,6,2
10044,6,2
10050,6,2
10056,6,2
10062,6,2
10068,6,2
10074,6,2
10080,6,2
10086,6,2
10092,6,2
10098,6,2
10104,6,2
10110,6,2
10116,6,2
10122,6,2
10128,6,2
10134,6,2
10140,6,2
10146,6,2
10152,6,2
10158,6,2
10164,6,2
10170,6,2
10176,6,2
10182,6,2
10188,6,2
10194,6,2
10200,6,2
10206,6,2
10212,6,2
10218,6,2
10224,6,2
10230,6,2
10236,6,2
10242,6,2
10248,6,2
10254,6,2
10260,6,2
10266,6,2
10272,6,2
10278,6,2
10284,6,2
10290,6,2
10296,6,2
10302,6,2
10308,6,2
10314,6,2
10320,6,2
10326,6,2
10332,6,2
10338,6,2
10344,6,2
10350,6,2
10356,6,2
10362,6,2
10368,6,2
10374,6,2
10380,6,2
10386,6,2
10392,6,2
10398,6,2
10404,6,2
10410,6,2
10416,6,2
10422,6,2
10428,6,2
10434,6,2
10440,6,2
10446,6,2
10452,6,2
10458,6,2
10464,6,2
10470,6,2
10476,6,2
10482,6,2
10488,6,2
10494,6,2
10500,6,2
10506,6,2
10512,6,2
10518,6,2
10524,6,2
10530,6,2
10536,6,2
10542,6,2
10548,6,2
10554,6,2
10560,6,2
10566,6,2
10572,6,2
10578,6,2
10584,6,2
10590,6,2
10596,6,2
10602,6,2
10608,6,2
10614,6,2
10620,6,2
10626,6,2
10632,6,2
10638,6,2
10644,6,2
10650,6,2
10656,6,2
10662,6,2
10668,6,2
10674,6,2
10680,6,2
10686,6,2
10692,6,2
10698,6,2
10704,6,2
10710,6,2
10716,6,2
10722,6,2
10728,6,2
10734,6,2
10740,6,2
10746,6,2
10752,6,2
10758,6,2
10764,6,2
10770,6,2
10776,6,2
10782,6,2
10788,6,2
10794,6,2
10800,6,2
10806,6,2
10812,6,2
10818,6,2
10824,6,2
10830,6,2
10836,6,2
10842,6,2
10848,6,2
10854,6,2
10860,6,2
10866,6,2
10872,6,2
10878,6,2
10884,6,2
10890,6,2
10896,6,2
10902,6,2
10908,6,2
10914,6,2
10920,6,2
10926,6,2
10932,6,2
10938,6,2
10944,6,2
10950,6,2
10956,6,2
10962,6,2
10968,6,2
10974,6,2
10980,6,2
10986,6,2
10992,6,2
10998,6,2
11004,6,2
11010,6,2
11016,6,2
11022,6,2
11028,6,2
11034,6,2
11040,6,2
11046,6,2
11052,6,2
11058,6,2
11064,6,2
11070,6,2
11076,6,2
11082,6,2
11088,6,2
11094,6,2
11100,6,2
11106,6,2
11112,6,2
11118,6,2
11124,6,2
11130,6,2
11136,6,2
11142,6,2
11148,6,2
11154,6,2
11160,6,2
11166,6,2
11172,6,2
11178,6,2
11184,6,2
11190,6,2
11196,6,2
11202,6,2
11208,6,2
11214,6,2
11220,6,2
11226,6,2
11232,6,2
11238,6,2
11244,6,2
11250,6,2
11256,6,2
11262,6,2
11268,6,2
11274,6,2
11280,6,2
11286,6,2
11292,6,2
11298,6,2
11304,6,2
11310,6,2
11316,6,2
11322,6,2
11328,6,2
11334,6,2
11340,6,2
11346,6,2
11352,6,2
11358,6,2
11364,6,2
11370,6,2
11376,6,2
11382,6,2
11388,6,2
11394,6,2
11400,6,2
11406,6,2
11412,6,2
11418,6,2
11424,6,2
11430,6,2
11436,6,2
11442,6,2
11448,6,2
11454,6,2
11460,6,2
11466,6,2
11472,6,2
11478,6,2
11484,6,2
11490,6,2
11496,6,2
11502,6,2
11508,6,2
11514,6,2
11520,6,2
11526,6,2
11532,6,2
11538,6,2
11544,6,2
11550,6,2
11556,6,2
11562,6,2
11568,6,2
11574,6,2
11580,6,2
11586,6,2
11592,6,2
11598,6,2
11604,6,2
11610,6,2
11616,6,2
11622,6,2
11628,6,2
11634,6,2
11640,6,2
11646,6,2
11652,6,2
11658,6,2
11664,6,2
11670,6,2
11676,6,2
11682,6,2
11688,6,2
11694,6,2
11700,6,2
11706,6,2
11712,6,2
11718,6,2
11724,6,2
11730,6,2
11736,6,2
11742,6,2
11748,6,2
11754,6,2
11760,6,2
11766,6,2
11772,6,2
11778,6,2
11784,6,2
11790,6,2
11796,6,2
11802,6,2
11808,6,2
11814,6,2
11820,6,2
11826,6,2
11832,6,2
11838,6,2
11844,6,2
11850,6,2
11856,6,2
11862,6,2
11868,6,2
11874,6,2
11880,6,2
11886,6,2
11892,6,2
11898,6,2
11904,6,2
11910,6,2
11916,6,2
11922,6,2
11928,6,2
11934,6,2
11940,6,2
11946,6,2
11952,6,2
11958,6,2
11964,6,2
11970,6,2
11976,6,2
11982,6,2
11988,6,2
11994,6,2
12000,6,2
12006,6,2
12012,6,2
12018,6,2
12024,6,2
12030,6,2
12036,6,2
12042,6,2
12048,6,2
12054,6,2
12060,6,2
12066,6,2
12072,6,2
12078,6,2
12084,6,2
12090,6,2
12096,6,2
12102,6,2
12108,6,2
12114,6,2
12120,6,2
12126,6,2
12132,6,2
12138,6,2
12144,6,2
12150,6,2
12156,6,2
12162,6,2
12168,6,2
12174,6,2
12180,6,2
12186,6,2
12192,6,2
12198,6,2
12204,6,2
12210,6,2
12216,6,2
12222,6,2
12228,6,2
12234,6,2
12240,6,2
12246,6,2
12252,6,2
12258,6,2
12264,6,2
12270,6,2
12276,6,2
12282,6,2
12288,6,2
12294,6,2
12300,6,2
12306,6,2
12312,6,2
12318,6,2
12324,6,2
12330,6,2
12336,6,2
12342,6,2
12348,6,2
12354,6,2
12360,6,2
12366,6,2
12372,6,2
12378,6,2
12384,6,2
12390,6,2
12396,6,2
12402,6,2
12408,6,2
12414,6,2
12420,6,2
12426,6,2
12432,6,2
12438,6,2
12444,6,2
12450,6,2
12456,6,2
12462,6,2
12468,6,2
12474,6,2
12480,6,2
12486,6,2
12492,6,2
12498,6,2
12504,6,2
12510,6,2
12516,6,2
12522,6,2
12528,6,2
12534,6,2
12540,6,2
12546,6,2
12552,6,2
12558,6,2
12564,6,2
12570,6,2
12576,6,2
12582,6,2
12588,6,2
12594,6,2
12600,6,2
12606,6,2
12612,6,2
12618,6,2
12624,6,2
12630,6,2
12636,6,2
12642,6,2
12648,6,2
12654,6,2
12660,6,2
12666,6,2
12672,6,2
12678,6,2
12684,6,2
12690,6,2
12696,6,2
12702,6,2
12708,6,2
12714,6,2
12720,6,2
12726,6,2
12732,6,2
12738,6,2
12744,6,2
12750,6,2
12756,6,2
12762,6,2
12768,6,2
12774,6,2
12780,6,2
12786,6,2
12792,6,2
12798,6,2
12804,6,2
12810,6,2
12816,6,2
12822,6,2
12828,6,2
12834,6,2
12840,6,2
12846,6,2
12852,6,2
12858,6,2
12864,6,2
12870,6,2
12876,6,2
12882,6,2
12888,6,2
12894,6,2
12900,6,2
12906,6,2
12912,6,2
12918,6,2
12924,6,2
12930,6,2
12936,6,2
12942,6,2
12948,6,2
12954,6,2
12960,6,2
12966,6,2
12972,6,2
12978,6,2
12984,6,2
12990,6,2
12996,6,2
13002,6,2
13008,6,2
13014,6,2
13020,6,2
13026,6,2
13032,6,2
13038,6,2
13044,6,2
13050,6,2
13056,6,2
13062,6,2
13068,6,2
13074,6,2
13080,6,2
13086,6,2
13092,6,2
13098,6,2
13104,6,2
13110,6,2
13116,6,2
13122,6,2
13128,6,2
13134,6,2
13140,6,2
13146,6,2
13152,6,2
13158,6,2
13164,6,2
13170,6,2
13176,6,2
13182,6,2
13188,6,2
13194,6,2
13200,6,2
13206,6,2
13212,6,2
13218,6,2
13224,6,2
13230,6,2
13236,6,2
13242,6,2
13248,6,2
13254,6,2
13260,6,2
13266,6,2
13272,6,2
13278,6,2
13284,6,2
13290,6,2
13296,6,2
13302,6,2
13308,6,2
13314,6,2
13320,6,2
13326,6,2
13332,6,2
13338,6,2
13344,6,2
13350,6,2
13356,6,2
13362,6,2
13368,6,2
13374,6,2
13380,6,2
13386,6,2
13392,6,2
13398,6,2
13404,6,2
13410,6,2
13416,6,2
13422,6,2
13428,6,2
13434,6,2
13440,6,2
13446,6,2
13452,6,2
13458,6,2
13464,6,2
13470,6,2
13476,6,2
13482,6,2
13488,6,2
13494,6,2
13500,6,2
13506,6,2
13512,6,2
13518,6,2
13524,6,2
13530,6,2
13536,6,2
13542,6,2
13548,6,2
13554,6,2
13560,6,2
13566,6,2
13572,6,2
13578,6,2
13584,6,2
13590,6,2
13596,6,2
13602,6,2
13608,6,2
13614,6,2
13620,6,2
13626,6,2
13632,6,2
13638,6,2
13644,6,2
13650,6,2
13656,6,2
13662,6,2
13668,6,2
13674,6,2
13680,6,2
13686,6,2
13692,6,2
13698,6,2
13704,6,2
13710,6,2
13716,6,2
13722,6,2
13728,6,2
13734,6,2
13740,6,2
13746,6,2
13752,6,2
13758,6,2
13764,6,2
13770,6,2
13776,6,2
13782,6,2
13788,6,2
13794,6,2
13800,6,2
13806,6,2
13812,6,2
13818,6,2
13824,6,2
13830,6,2
13836,6,2
13842,6,2
13848,6,2
13854,6,2
13860,6,2
13866,6,2
13872,6,2
13878,6,2
13884,6,2
13890,6,2
13896,6,2
13902,6,2
13908,6,2
13914,6,2
13920,6,2
13926,6,2
13932,6,2
13938,6,2
13944,6,2
13950,6,2
13956,6,2
13962,6,2
13968,6,2
13974,6,2
13980,6,2
13986,6,2
13992,6,2
13998,6,2
14004,6,2
14010,6,2
14016,6,2
14022,6,2
14028,6,2
14034,6,2
14040,6,2
14046,6,2
14052,6,2
14058,6,2
14064,6,2
14070,6,2
14076,6,2
14082,6,2
14088,6,2
14094,6,2
14100,6,2
14106,6,2
14112,6,2
14118,6,2
14124,6,2
14130,6,2
14136,6,2
14142,6,2
14148,6,2
14154,6,2
14160,6,2
14166,6,2
14172,6,2
14178,6,2
14184,6,2
14190,6,2
14196,6,2
14202,6,2
14208,6,2
14214,6,2
14220,6,2
14226,6,2
14232,6,2
14238,6,2
14244,6,2
14250,6,2
14256,6,2
14262,6,2
14268,6,2
14274,6,2
14280,6,2
14286,6,2
14292,6,2
14298,6,2
14304,6,2
14310,6,2
14316,6,2
14322,6,2
14328,6,2
14334,6,2
14340,6,2
14346,6,2
14352,6,2
14358,6,2
14364,6,2
14370,6,2
14376,6,2
14382,6,2
14388,6,2
14394,6,2
14400,6,2
14406,6,2
14412,6,2
14418,6,2
14424,6,2
14430,6,2
14436,6,2
14442,6,2
14448,6,2
14454,6,2
14460,6,2
14466,6,2
14472,6,2
14478,6,2
14484,6,2
14490,6,2
14496,6,2
14502,6,2
14508,6,2
14514,6,2
14520,6,2
14526,6,2
14532,6,2
14538,6,2
14544,6,2
14550,6,2
14556,6,2
14562,6,2
14568,6,2
14574,6,2
14580,6,2
14586,6,2
14592,6,2
14598,6,2
14604,6,2
14610,6,2
14616,6,2
14622,6,2
14628,6,2
14634,6,2
14640,6,2
14646,6,2
14652,6,2
14658,6,2
14664,6,2
14670,6,2
14676,6,2
14682,6,2
14688,6,2
14694,6,2
14700,6,2
14706,6,2
14712,6,2
14718,6,2
14724,6,2
14730,6,2
14736,6,2
14742,6,2
14748,6,2
14754,6,2
14760,6,2
14766,6,2
14772,6,2
14778,6,2
14784,6,2
14790,6,2
14796,6,2
14802,6,2
14808,6,2
14814,6,2
14820,6,2
14826,6,2
14832,6,2
14838,6,2
14844,6,2
14850,6,2
14856,6,2
14862,6,2
14868,6,2
14874,6,2
14880,6,2
14886,6,2
14892,6,2
14898,6,2
14904,6,2
14910,6,2
14916,6,2
14922,6,2
14928,6,2
14934,6,2
14940,6,2
14946,6,2
14952,6,2
14958,6,2
14964,6,2
14970,6,2
14976,6,2
14982,6,2
14988,6,2
14994,6,2
15000,6,2
15006,6,2
15012,6,2
15018,6,2
15024,6,2
15030,6,2
15036,6,2
15042,6,2
15048,6,2
15054,6,2
15060,6,2
15066,6,2
15072,6,2
15078,6,2
15084,6,2
15090,6,2
15096,6,2
15102,6,2
15108,6,2
15114,6,2
15120,6,2
15126,6,2
15132,6,2
15138,6,2
15144,6,2
15150,6,2
15156,6,2
15162,6,2
15168,6,2
15174,6,2
15180,6,2
15186,6,2
15192,6,2
15198,6,2
15204,6,2
15210,6,2
15216,6,2
15222,6,2
15228,6,2
15234,6,2
15240,6,2
15246,6,2
15252,6,2
15258,6,2
15264,6,2
15270,6,2
15276,6,2
15282,6,2
15288,6,2
15294,6,2
15300,6,2
15306,6,2
15312,6,2
15318,6,2
15324,6,2
15330,6,2
15336,6,2
15342,6,2
15348,6,2
15354,6,2
15360,6,2
15366,6,2
15372,6,2
15378,6,2
15384,6,2
15390,6,2
15396,6,2
15402,6,2
15408,6,2
15414,6,2
15420,6,2
15426,6,2
15432,6,2
15438,6,2
15444,6,2
15450,6,2
15456,6,2
15462,6,2
15468,6,2
15474,6,2
15480,6,2
15486,6,2
15492,6,2
15498,6,2
15504,6,2
15510,6,2
15516,6,2
15522,6,2
15528,6,2
15534,6,2
15540,6,2
15546,6,2
15552,6,2
15558,6,2
15564,6,2
15570,6,2
15576,6,2
15582,6,2
15588,6,2
15594,6,2
15600,6,2
15606,6,2
15612,6,2
15618,6,2
15624,6,2
15630,6,2
15636,6,2
15642,6,2
15648,6,2
15654,6,2
15660,6,2
15666,6,2
15672,6,2
15678,6,2
15684,6,2
15690,6,2
15696,6,2
15702,6,2
15708,6,2
15714,6,2
15720,6,2
15726,6,2
15732,6,2
15738,6,2
15744,6,2
15750,6,2
15756,6,2
15762,6,2
15768,6,2
15774,6,2
15780,6,2
15786,6,2
15792,6,2
15798,6,2
15804,6,2
15810,6,2
15816,6,2
15822,6,2
15828,6,2
15834,6,2
15840,6,2
15846,6,2
15852,6,2
15858,6,2
15864,6,2
15870,6,2
15876,6,2
15882,6,2
15888,6,2
15894,6,2
15900,6,2
15906,6,2
15912,6,2
15918,6,2
15924,6,2
15930,6,2
15936,6,2
15942,6,2
15948,6,2
15954,6,2
15960,6,2
15966,6,2
15972,6,2
15978,6,2
15984,6,2
15990,6,2
15996,6,2
16002,6,2
16008,6,2
16014,6,2
16020,6,2
16026,6,2
16032,6,2
16038,6,2
16044,6,2
16050,6,2
16056,6,2
16062,6,2
16068,6,2
16074,6,2
16080,6,2
16086,6,2
16092,6,2
16098,6,2
16104,6,2
16110,6,2
16116,6,2
16122,6,2
16128,6,2
16134,6,2
16140,6,2
16146,6,2
16152,6,2
16158,6,2
16164,6,2
16170,6,2
16176,6,2
16182,6,2
16188,6,2
16194,6,2
16200,6,2
16206,6,2
16212,6,2
16218,6,2
16224,6,2
16230,6,2
16236,6,2
16242,6,2
16248,6,2
16254,6,2
16260,6,2
16266,6,2
16272,6,2
16278,6,2
16284,6,2
16290,6,2
16296,6,2
16302,6,2
16308,6,2
16314,6,2
16320,6,2
16326,6,2
16332,6,2
16338,6,2
16344,6,2
16350,6,2
16356,6,2
16362,6,2
16368,6,2
16374,6,2
16380,6,2
16386,6,2
16392,6,2
16398,6,2
16404,6,2
16410,6,2
16416,6,2
16422,6,2
16428,6,2
16434,6,2
16440,6,2
16446,6,2
16452,6,2
16458,6,2
16464,6,2
16470,6,2
16476,6,2
16482,6,2
16488,6,2
16494,6,2
16500,6,2
16506,6,2
16512,6,2
16518,6,2
16524,6,2
16530,6,2
16536,6,2
16542,6,2
16548,6,2
16554,6,2
16560,6,2
16566,6,2
16572,6,2
16578,6,2
16584,6,2
16590,6,2
16596,6,2
16602,6,2
16608,6,2
16614,6,2
16620,6,2
16626,6,2
16632,6,2
16638,6,2
16644,6,2
16650,6,2
16656,6,2
16662,6,2
16668,6,2
16674,6,2
16680,6,2
16686,6,2
16692,6,2
16698,6,2
16704,6,2
16710,6,2
16716,6,2
16722,6,2
16728,6,2
16734,6,2
16740,6,2
16746,6,2
16752,6,2
16758,6,2
16764,6,2
16770,6,2
16776,6,2
16782,6,2
16788,6,2
16794,6,2
16800,6,2
16806,6,2
16812,6,2
16818,6,2
16824,6,2
16830,6,2
16836,6,2
16842,6,2
16848,6,2
16854,6,2
16860,6,2
16866,6,2
16872,6,2
16878,6,2
16884,6,2
16890,6,2
16896,6,2
16902,6,2
16908,6,2
16914,6,2
16920,6,2
16926,6,2
16932,6,2
16938,6,2
16944,6,2
16950,6,2
16956,6,2
16962,6,2
16968,6,2
16974,6,2
16980,6,2
16986,6,2
16992,6,2
16998,6,2
17004,6,2
17010,6,2
17016,6,2
17022,6,2
17028,6,2
17034,6,2
17040,6,2
17046,6,2
17052,6,2
17058,6,2
17064,6,2
17070,6,2
17076,6,2
17082,6,2
17088,6,2
17094,6,2
17100,6,2
17106,6,2
17112,6,2
17118,6,2
17124,6,2
17130,6,2
17136,6,2
17142,6,2
17148,6,2
17154,6,2
17160,6,2
17166,6,2
17172,6,2
17178,6,2
17184,6,2
17190,6,2
17196,6,2
17202,6,2
17208,6,2
17214,6,2
17220,6,2
17226,6,2
17232,6,2
17238,6,2
17244,6,2
17250,6,2
17256,6,2
17262,6,2
17268,6,2
17274,6,2
17280,6,2
17286,6,2
17292,6,2
17298,6,2
17304,6,2
17310,6,2
17316,6,2
17322,6,2
17328,6,2
17334,6,2
17340,6,2
17346,6,2
17352,6,2
17358,6,2
17364,6,2
17370,6,2
17376,6,2
17382,6,2
17388,6,2
17394,6,2
17400,6,2
17406,6,2
17412,6,2
17418,6,2
17424,6,2
17430,6,2
17436,6,2
17442,6,2
17448,6,2
17454,6,2
17460,6,2
17466,6,2
17472,6,2
17478,6,2
17484,6,2
17490,6,2
17496,6,2
17502,6,2
17508,6,2
17514,6,2
17520,6,2
17526,6,2
17532,6,2
17538,6,2
17544,6,2
17550,6,2
17556,6,2
17562,6,2
17568,6,2
17574,6,2
17580,6,2
17586,6,2
17592,6,2
17598,6,2
17604,6,2
17610,6,2
17616,6,2
17622,6,2
17628,6,2
17634,6,2
17640,6,2
17646,6,2
17652,6,2
17658,6,2
17664,6,2
17670,6,2
17676,6,2
17682,6,2
17688,6,2
17694,6,2
17700,6,2
17706,6,2
17712,6,2
17718,6,2
17724,6,2
17730,6,2
17736,6,2
17742,6,2
17748,6,2
17754,6,2
17760,6,2
17766,6,2
17772,6,2
17778,6,2
17784,6,2
17790,6,2
17796,6,2
17802,6,2
17808,6,2
17814,6,2
17820,6,2
17826,6,2
17832,6,2
17838,6,2
17844,6,2
17850,6,2
17856,6,2
17862,6,2
17868,6,2
17874,6,2
17880,6,2
17886,6,2
17892,6,2
17898,6,2
17904,6,2
17910,6,2
17916,6,2
17922,6,2
17928,6,2
17934,6,2
17940,6,2
17946,6,2
17952,6,2
17958,6,2
17964,6,2
17970,6,2
17976,6,2
17982,6,2
17988,6,2
17994,6,2
18000,6,2
18006,6,2
18012,6,2
18018,6,2
18024,6,2
18030,6,2
18036,6,2
18042,6,2
18048,6,2
18054,6,2
18060,6,2
18066,6,2
18072,6,2
18078,6,2
18084,6,2
18090,6,2
18096,6,2
18102,6,2
18108,6,2
18114,6,2
18120,6,2
18126,6,2
18132,6,2
18138,6,2
18144,6,2
18150,6,2
18156,6,2
18162,6,2
18168,6,2
18174,6,2
18180,6,2
18186,6,2
18192,6,2
18198,6,2
18204,6,2
18210,6,2
18216,6,2
18222,6,2
18228,6,2
18234,6,2
18240,6,2
18246,6,2
18252,6,2
18258,6,2
18264,6,2
18270,6,2
18276,6,2
18282,6,2
18288,6,2
18294,6,2
18300,6,2
18306,6,2
18312,6,2
18318,6,2
18324,6,2
18330,6,2
18336,6,2
18342,6,2
18348,6,2
18354,6,2
18360,6,2
18366,6,2
18372,6,2
18378,6,2
18384,6,2
18390,6,2
18396,6,2
18402,6,2
18408,6,2
18414,6,2
18420,6,2
18426,6,2
18432,6,2
18438,6,2
18444,6,2
18450,6,2
18456,6,2
18462,6,2
18468,6,2
18474,6,2
18480,6,2
18486,6,2
18492,6,2
18498,6,2
18504,6,2
18510,6,2
18516,6,2
18522,6,2
18528,6,2
18534,6,2
18540,6,2
18546,6,2
18552,6,2
18558,6,2
18564,6,2
18570,6,2
18576,6,2
18582,6,2
18588,6,2
18594,6,2
18600,6,2
18606,6,2
18612,6,2
18618,6,2
18624,6,2
18630,6,2
18636,6,2
18642,6,2
18648,6,2
18654,6,2
18660,6,2
18666,6,2
18672,6,2
18678,6,2
18684,6,2
18690,6,2
18696,6,2
18702,6,2
18708,6,2
18714,6,2
18720,6,2
18726,6,2
18732,6,2
18738,6,2
18744,6,2
18750,6,2
18756,6,2
18762,6,2
18768,6,2
18774,6,2
18780,6,2
18786,6,2
18792,6,2
18798,6,2
18804,6,2
18810,6,2
18816,6,2
18822,6,2
18828,6,2
18834,6,2
18840,6,2
18846,6,2
18852,6,2
18858,6,2
18864,6,2
18870,6,2
18876,6,2
18882,6,2
18888,6,2
18894,6,2
18900,6,2
18906,6,2
18912,6,2
18918,6,2
18924,6,2
18930,6,2
18936,6,2
18942,6,2
18948,6,2
18954,6,2
18960,6,2
18966,6,2
18972,6,2
18978,6,2
18984,6,2
18990,6,2
18996,6,2
19002,6,2
19008,6,2
19014,6,2
19020,6,2
19026,6,2
19032,6,2
19038,6,2
19044,6,2
19050,6,2
19056,6,2
19062,6,2
19068,6,2
19074,6,2
19080,6,2
19086,6,2
19092,6,2
19098,6,2
19104,6,2
19110,6,2
19116,6,2
19122,6,2
19128,6,2
19134,6,2
19140,6,2
19146,6,2
19152,6,2
19158,6,2
19164,6,2
19170,6,2
19176,6,2
19182,6,2
19188,6,2
19194,6,2
19200,6,2
19206,6,2
19212,6,2
19218,6,2
19224,6,2
19230,6,2
19236,6,2
19242,6,2
19248,6,2
19254,6,2
19260,6,2
19266,6,2
19272,6,2
19278,6,2
19284,6,2
19290,6,2
19296,6,2
19302,6,2
19308,6,2
19314,6,2
19320,6,2
19326,6,2
19332,6,2
19338,6,2
19344,6,2
19350,6,2
19356,6,2
19362,6,2
19368,6,2
19374,6,2
19380,6,2
19386,6,2
19392,6,2
19398,6,2
19404,6,2
19410,6,2
19416,6,2
19422,6,2
19428,6,2
19434,6,2
19440,6,2
19446,6,2
19452,6,2
19458,6,2
19464,6,2
19470,6,2
19476,6,2
19482,6,2
19488,6,2
19494,6,2
19500,6,2
19506,6,2
19512,6,2
19518,6,2
19524,6,2
19530,6,2
19536,6,2
19542,6,2
19548,6,2
19554,6,2
19560,6,2
19566,6,2
19572,6,2
19578,6,2
19584,6,2
19590,6,2
19596,6,2
19602,6,2
19608,6,2
19614,6,2
19620,6,2
19626,6,2
19632,6,2
19638,6,2
19644,6,2
19650,6,2
19656,6,2
19662,6,2
19668,6,2
19674,6,2
19680,6,2
19686,6,2
19692,6,2
19698,6,2
19704,6,2
19710,6,2
19716,6,2
19722,6,2
19728,6,2
19734,6,2
19740,6,2
19746,6,2
19752,6,2
19758,6,2
19764,6,2
19770,6,2
19776,6,2
19782,6,2
19788,6,2
19794,6,2
19800,6,2
19806,6,2
19812,6,2
19818,6,2
19824,6,2
19830,6,2
19836,6,2
19842,6,2
19848,6,2
19854,6,2
19860,6,2
19866,6,2
19872,6,2
19878,6,2
19884,6,2
19890,6,2
19896,6,2
19902,6,2
19908,6,2
19914,6,2
19920,6,2
19926,6,2
19932,6,2
19938,6,2
19944,6,2
19950,6,2
19956,6,2
19962,6,2
19968,6,2
19974,6,2
19980,6,2
19986,6,2
19992,6,2
19998,6,2
20004,6,2
20010,6,2
20016,6,2
20022,6,2
20028,6,2
20034,6,2
20040,6,2
20046,6,2
20052,6,2
20058,6,2
20064,6,2
20070,6,2
20076,6,2
20082,6,2
20088,6,2
20094,6,2
20100,6,2
20106,6,2
20112,6,2
20118,6,2
20124,6,2
20130,6,2
20136,6,2
20142,6,2
20148,6,2
20154,6,2
20160,6,2
20166,6,2
20172,6,2
20178,6,2
20184,6,2
20190,6,2
20196,6,2
20202,6,2
20208,6,2
20214,6,2
20220,6,2
20226,6,2
20232,6,2
20238,6,2
20244,6,2
20250,6,2
20256,6,2
20262,6,2
20268,6,2
20274,6,2
20280,6,2
20286,6,2
20292,6,2
20298,6,2
20304,6,2
20310,6,2
20316,6,2
20322,6,2
20328,6,2
20334,6,2
20340,6,2
20346,6,2
20352,6,2
20358,6,2
20364,6,2
20370,6,2
20376,6,2
20382,6,2
20388,6,2
20394,6,2
20400,6,2
20406,6,2
20412,6,2
20418,6,2
20424,6,2
20430,6,2
20436,6,2
20442,6,2
20448,6,2
20454,6,2
20460,6,2
20466,6,2
20472,6,2
20478,6,2
20484,6,2
20490,6,2
20496,6,2
20502,6,2
20508,6,2
20514,6,2
20520,6,2
20526,6,2
20532,6,2
20538,6,2
20544,6,2
20550,6,2
20556,6,2
20562,6,2
20568,6,2
20574,6,2
20580,6,2
20586,6,2
20592,6,2
20598,6,2
20604,6,2
20610,6,2
20616,6,2
20622,6,2
20628,6,2
20634,6,2
20640,6,2
20646,6,2
20652,6,2
20658,6,2
20664,6,2
20670,6,2
20676,6,2
20682,6,2
20688,6,2
20694,6,2
20700,6,2
20706,6,2
20712,6,2
20718,6,2
20724,6,2
20730,6,2
20736,6,2
20742,6,2
20748,6,2
20754,6,2
20760,6,2
20766,6,2
20772,6,2
20778,6,2
20784,6,2
20790,6,2
20796,6,2
20802,6,2
20808,6,2
20814,6,2
20820,6,2
20826,6,2
20832,6,2
20838,6,2
20844,6,2
20850,6,2
20856,6,2
20862,6,2
20868,6,2
20874,6,2
20880,6,2
20886,6,2
20892,6,2
20898,6,2
20904,6,2
20910,6,2
20916,6,2
20922,6,2
20928,6,2
20934,6,2
20940,6,2
20946,6,2
20952,6,2
20958,6,2
20964,6,2
20970,6,2
20976,6,2
20982,6,2
20988,6,2
20994,6,2
21000,6,2
21006,6,2
21012,6,2
21018,6,2
21024,6,2
21030,6,2
21036,6,2
21042,6,2
21048,6,2
21054,6,2
21060,6,2
21066,6,2
21072,6,2
21078,6,2
21084,6,2
21090,6,2
21096,6,2
21102,6,2
21108,6,2
21114,6,2
21120,6,2
21126,6,2
21132,6,2
21138,6,2
21144,6,2
21150,6,2
21156,6,2
21162,6,2
21168,6,2
21174,6,2
21180,6,2
21186,6,2
21192,6,2
21198,6,2
21204,6,2
21210,6,2
21216,6,2
21222,6,2
21228,6,2
21234,6,2
21240,6,2
21246,6,2
21252,6,2
21258,6,2
21264,6,2
21270,6,2
21276,6,2
21282,6,2
21288,6,2
21294,6,2
21300,6,2
21306,6,2
21312,6,2
21318,6,2
21324,6,2
21330,6,2
21336,6,2
21342,6,2
21348,6,2
21354,6,2
21360,6,2
21366,6,2
21372,6,2
21378,6,2
21384,6,2
21390,6,2
21396,6,2
21402,6,2
21408,6,2
21414,6,2
21420,6,2
21426,6,2
21432,6,2
21438,6,2
21444,6,2
21450,6,2
21456,6,2
21462,6,2
21468,6,2
21474,6,2
21480,6,2
21486,6,2
21492,6,2
21498,6,2
21504,6,2
21510,6,2
21516,6,2
21522,6,2
21528,6,2
21534,6,2
21540,6,2
21546,6,2
21552,6,2
21558,6,2
21564,6,2
21570,6,2
21576,6,2
21582,6,2
21588,6,2
21594,6,2
21600,6,2
21606,6,2
21612,6,2
21618,6,2
21624,6,2
21630,6,2
21636,6,2
21642,6,2
21648,6,2
21654,6,2
21660,6,2
21666,6,2
21672,6,2
21678,6,2
21684,6,2
21690,6,2
21696,6,2
21702,6,2
21708,6,2
21714,6,2
21720,6,2
21726,6,2
21732,6,2
21738,6,2
21744,6,2
21750,6,2
21756,6,2
21762,6,2
21768,6,2
21774,6,2
21780,6,2
21786,6,2
21792,6,2
21798,6,2
21804,6,2
21810,6,2
21816,6,2
21822,6,2
21828,6,2
21834,6,2
21840,6,2
21846,6,2
21852,6,2
21858,6,2
21864,6,2
21870,6,2
21876,6,2
21882,6,2
21888,6,2
21894,6,2
21900,6,2
21906,6,2
21912,6,2
21918,6,2
21924,6,2
21930,6,2
21936,6,2
21942,6,2
21948,6,2
21954,6,2
21960,6,2
21966,6,2
21972,6,2
21978,6,2
21984,6,2
21990,6,2
21996,6,2
22002,6,2
22008,6,2
22014,6,2
22020,6,2
22026,6,2
22032,6,2
22038,6,2
22044,6,2
22050,6,2
22056,6,2
22062,6,2
22068,6,2
22074,6,2
22080,6,2
22086,6,2
22092,6,2
22098,6,2
22104,6,2
22110,6,2
22116,6,2
22122,6,2
22128,6,2
22134,6,2
22140,6,2
22146,6,2
22152,6,2
22158,6,2
22164,6,2
22170,6,2
22176,6,2
22182,6,2
22188,6,2
22194,6,2
22200,6,2
22206,6,2
22212,6,2
22218,6,2
22224,6,2
22230,6,2
22236,6,2
22242,6,2
22248,6,2
22254,6,2
22260,6,2
22266,6,2
22272,6,2
22278,6,2
22284,6,2
22290,6,2
22296,6,2
22302,6,2
22308,6,2
22314,6,2
22320,6,2
22326,6,2
22332,6,2
22338,6,2
22344,6,2
22350,6,2
22356,6,2
22362,6,2
22368,6,2
22374,6,2
22380,6,2
22386,6,2
22392,6,2
22398,6,2
22404,6,2
22410,6,2
22416,6,2
22422,6,2
22428,6,2
22434,6,2
22440,6,2
22446,6,2
22452,6,2
22458,6,2
22464,6,2
22470,6,2
22476,6,2
22482,6,2
22488,6,2
22494,6,2
22500,6,2
22506,6,2
22512,6,2
22518,6,2
22524,6,2
22530,6,2
22536,6,2
22542,6,2
22548,6,2
22554,6,2
22560,6,2
22566,6,2
22572,6,2
22578,6,2
22584,6,2
22590,6,2
22596,6,2
22602,6,2
22608,6,2
22614,6,2
22620,6,2
22626,6,2
22632,6,2
22638,6,2
22644,6,2
22650,6,2
22656,6,2
22662,6,2
22668,6,2
22674,6,2
22680,6,2
22686,6,2
22692,6,2
22698,6,2
22704,6,2
22710,6,2
22716,6,2
22722,6,2
22728,6,2
22734,6,2
22740,6,2
22746,6,2
22752,6,2
22758,6,2
22764,6,2
22770,6,2
22776,6,2
22782,6,2
22788,6,2
22794,6,2
22800,6,2
22806,6,2
22812,6,2
22818,6,2
22824,6,2
22830,6,2
22836,6,2
22842,6,2
22848,6,2
22854,6,2
22860,6,2
22866,6,2
22872,6,2
22878,6,2
22884,6,2
22890,6,2
22896,6,2
22902,6,2
22908,6,2
22914,6,2
22920,6,2
22926,6,2
22932,6,2
22938,6,2
22944,6,2
22950,6,2
22956,6,2
22962,6,2
22968,6,2
22974,6,2
22980,6,2
22986,6,2
22992,6,2
22998,6,2
23004,6,2
23010,6,2
23016,6,2
23022,6,2
23028,6,2
23034,6,2
23040,6,2
23046,6,2
23052,6,2
23058,6,2
23064,6,2
23070,6,2
23076,6,2
23082,6,2
23088,6,2
23094,6,2
23100,6,2
23106,6,2
23112,6,2
23118,6,2
23124,6,2
23130,6,2
23136,6,2
23142,6,2
23148,6,2
23154,6,2
23160,6,2
23166,6,2
23172,6,2
23178,6,2
23184,6,2
23190,6,2
23196,6,2
23202,6,2
23208,6,2
23214,6,2
23220,6,2
23226,6,2
23232,6,2
23238,6,2
23244,6,2
23250,6,2
23256,6,2
23262,6,2
23268,6,2
23274,6,2
23280,6,2
23286,6,2
23292,6,2
23298,6,2
23304,6,2
23310,6,2
23316,6,2
23322,6,2
23328,6,2
23334,6,2
23340,6,2
23346,6,2
23352,6,2
23358,6,2
23364,6,2
23370,6,2
23376,6,2
23382,6,2
23388,6,2
23394,6,2
23400,6,2
23406,6,2
23412,6,2
23418,6,2
23424,6,2
23430,6,2
23436,6,2
23442,6,2
23448,6,2
23454,6,2
23460,6,2
23466,6,2
23472,6,2
23478,6,2
23484,6,2
23490,6,2
23496,6,2
23502,6,2
23508,6,2
23514,6,2
23520,6,2
23526,6,2
23532,6,2
23538,6,2
23544,6,2
23550,6,2
23556,6,2
23562,6,2
23568,6,2
23574,6,2
23580,6,2
23586,6,2
23592,6,2
23598,6,2
23604,6,2
23610,6,2
23616,6,2
23622,6,2
23628,6,2
23634,6,2
23640,6,2
23646,6,2
23652,6,2
23658,6,2
23664,6,2
23670,6,2
23676,6,2
23682,6,2
23688,6,2
23694,6,2
23700,6,2
23706,6,2
23712,6,2
23718,6,2
23724,6,2
23730,6,2
23736,6,2
23742,6,2
23748,6,2
23754,6,2
23760,6,2
23766,6,2
23772,6,2
23778,6,2
23784,6,2
23790,6,2
23796,6,2
23802,6,2
23808,6,2
23814,6,2
23820,6,2
23826,6,2
23832,6,2
23838,6,2
23844,6,2
23850,6,2
23856,6,2
23862,6,2
23868,6,2
23874,6,2
23880,6,2
23886,6,2
23892,6,2
23898,6,2
23904,6,2
23910,6,2
23916,6,2
23922,6,2
23928,6,2
23934,6,2
23940,6,2
23946,6,2
23952,6,2
23958,6,2
23964,6,2
23970,6,2
23976,6,2
23982,6,2
23988,6,2
23994,6,2
24000,6,2
24006,6,2
24012,6,2
24018,6,2
24024,6,2
24030,6,2
24036,6,2
24042,6,2
24048,6,2
24054,6,2
24060,6,2
24066,6,2
24072,6,2
24078,6,2
24084,6,2
24090,6,2
24096,6,2
24102,6,2
24108,6,2
24114,6,2
24120,6,2
24126,6,2
24132,6,2
24138,6,2
24144,6,2
24150,6,2
24156,6,2
24162,6,2
24168,6,2
24174,6,2
24180,6,2
24186,6,2
24192,6,2
24198,6,2
24204,6,2
24210,6,2
24216,6,2
24222,6,2
24228,6,2
24234,6,2
24240,6,2
24246,6,2
24252,6,2
24258,6,2
24264,6,2
24270,6,2
24276,6,2
24282,6,2
24288,6,2
24294,6,2
24300,6,2
24306,6,2
24312,6,2
24318,6,2
24324,6,2
24330,6,2
24336,6,2
24342,6,2
24348,6,2
24354,6,2
24360,6,2
24366,6,2
24372,6,2
24378,6,2
24384,6,2
24390,6,2
24396,6,2
24402,6,2
24408,6,2
24414,6,2
24420,6,2
24426,6,2
24432,6,2
24438,6,2
24444,6,2
24450,6,2
24456,6,2
24462,6,2
24468,6,2
24474,6,2
24480,6,2
24486,6,2
24492,6,2
24498,6,2
24504,6,2
24510,6,2
24516,6,2
24522,6,2
24528,6,2
24534,6,2
24540,6,2
24546,6,2
24552,6,2
24558,6,2
24564,6,2
24570,6,2
24576,6,2
24582,6,2
24588,6,2
24594,6,2
24600,6,2
24606,6,2
24612,6,2
24618,6,2
24624,6,2
24630,6,2
24636,6,2
24642,6,2
24648,6,2
24654,6,2
24660,6,2
24666,6,2
24672,6,2
24678,6,2
24684,6,2
24690,6,2
24696,6,2
24702,6,2
24708,6,2
24714,6,2
24720,6,2
24726,6,2
24732,6,2
24738,6,2
24744,6,2
24750,6,2
24756,6,2
24762,6,2
24768,6,2
24774,6,2
24780,6,2
24786,6,2
24792,6,2
24798,6,2
24804,6,2
24810,6,2
24816,6,2
24822,6,2
24828,6,2
24834,6,2
24840,6,2
24846,6,2
24852,6,2
24858,6,2
24864,6,2
24870,6,2
24876,6,2
24882,6,2
24888,6,2
24894,6,2
24900,6,2
24906,6,2
24912,6,2
24918,6,2
24924,6,2
24930,6,2
24936,6,2
24942,6,2
24948,6,2
24954,6,2
24960,6,2
24966,6,2
24972,6,2
24978,6,2
24984,6,2
24990,6,2
24996,6,2
25002,6,2
25008,6,2
25014,6,2
25020,6,2
25026,6,2
25032,6,2
25038,6,2
25044,6,2
25050,6,2
25056,6,2
25062,6,2
25068,6,2
25074,6,2
25080,6,2
25086,6,2
25092,6,2
25098,6,2
25104,6,2
25110,6,2
25116,6,2
25122,6,2
25128,6,2
25134,6,2
25140,6,2
25146,6,2
25152,6,2
25158,6,2
25164,6,2
25170,6,2
25176,6,2
25182,6,2
25188,6,2
25194,6,2
25200,6,2
25206,6,2
25212,6,2
25218,6,2
25224,6,2
25230,6,2
25236,6,2
25242,6,2
25248,6,2
25254,6,2
25260,6,2
25266,6,2
25272,6,2
25278,6,2
25284,6,2
25290,6,2
25296,6,2
25302,6,2
25308,6,2
25314,6,2
25320,6,2
25326,6,2
25332,6,2
25338,6,2
25344,6,2
25350,6,2
25356,6,2
25362,6,2
25368,6,2
25374,6,2
25380,6,2
25386,6,2
25392,6,2
25398,6,2
25404,6,2
25410,6,2
25416,6,2
25422,6,2
25428,6,2
25434,6,2
25440,6,2
25446,6,2
25452,6,2
25458,6,2
25464,6,2
25470,6,2
25476,6,2
25482,6,2
25488,6,2
25494,6,2
25500,6,2
25506,6,2
25512,6,2
25518,6,2
25524,6,2
25530,6,2
25536,6,2
25542,6,2
25548,6,2
25554,6,2
25560,6,2
25566,6,2
25572,6,2
25578,6,2
25584,6,2
25590,6,2
25596,6,2
25602,6,2
25608,6,2
25614,6,2
25620,6,2
25626,6,2
25632,6,2
25638,6,2
25644,6,2
25650,6,2
25656,6,2
25662,6,2
25668,6,2
25674,6,2
25680,6,2
25686,6,2
25692,6,2
25698,6,2
25704,6,2
25710,6,2
25716,6,2
25722,6,2
25728,6,2
25734,6,2
25740,6,2
25746,6,2
25752,6,2
25758,6,2
25764,6,2
25770,6,2
25776,6,2
25782,6,2
25788,6,2
25794,6,2
25800,6,2
25806,6,2
25812,6,2
25818,6,2
25824,6,2
25830,6,2
25836,6,2
25842,6,2
25848,6,2
25854,6,2
25860,6,2
25866,6,2
25872,6,2
25878,6,2
25884,6,2
25890,6,2
25896,6,2
25902,6,2
25908,6,2
25914,6,2
25920,6,2
25926,6,2
25932,6,2
25938,6,2
25944,6,2
25950,6,2
25956,6,2
25962,6,2
25968,6,2
25974,6,2
25980,6,2
25986,6,2
25992,6,2
25998,6,2
26004,6,2
26010,6,2
26016,6,2
26022,6,2
26028,6,2
26034,6,2
26040,6,2
26046,6,2
26052,6,2
26058,6,2
26064,6,2
26070,6,2
26076,6,2
26082,6,2
26088,6,2
26094,6,2
26100,6,2
26106,6,2
26112,6,2
26118,6,2
26124,6,2
26130,6,2
26136,6,2
26142,6,2
26148,6,2
26154,6,2
26160,6,2
26166,6,2
26172,6,2
26178,6,2
26184,6,2
26190,6,2
26196,6,2
26202,6,2
26208,6,2
26214,6,2
26220,6,2
26226,6,2
26232,6,2
26238,6,2
26244,6,2
26250,6,2
26256,6,2
26262,6,2
26268,6,2
26274,6,2
26280,6,2
26286,6,2
26292,6,2
26298,6,2
26304,6,2
26310,6,2
26316,6,2
26322,6,2
26328,6,2
26334,6,2
26340,6,2
26346,6,2
26352,6,2
26358,6,2
26364,6,2
26370,6,2
26376,6,2
26382,6,2
26388,6,2
26394,6,2
26400,6,2
26406,6,2
26412,6,2
26418,6,2
26424,6,2
26430,6,2
26436,6,2
26442,6,2
26448,6,2
26454,6,2
26460,6,2
26466,6,2
26472,6,2
26478,6,2
26484,6,2
26490,6,2
26496,6,2
26502,6,2
26508,6,2
26514,6,2
26520,6,2
26526,6,2
26532,6,2
26538,6,2
26544,6,2
26550,6,2
26556,6,2
26562,6,2
26568,6,2
26574,6,2
26580,6,2
26586,6,2
26592,6,2
26598,6,2
26604,6,2
26610,6,2
26616,6,2
26622,6,2
26628,6,2
26634,6,2
26640,6,2
26646,6,2
26652,6,2
26658,6,2
26664,6,2
26670,6,2
26676,6,2
26682,6,2
26688,6,2
26694,6,2
26700,6,2
26706,6,2
26712,6,2
26718,6,2
26724,6,2
26730,6,2
26736,6,2
26742,6,2
26748,6,2
26754,6,2
26760,6,2
26766,6,2
26772,6,2
26778,6,2
26784,6,2
26790,6,2
26796,6,2
26802,6,2
26808,6,2
26814,6,2
26820,6,2
26826,6,2
26832,6,2
26838,6,2
26844,6,2
26850,6,2
26856,6,2
26862,6,2
26868,6,2
26874,6,2
26880,6,2
26886,6,2
26892,6,2
26898,6,2
26904,6,2
26910,6,2
26916,6,2
26922,6,2
26928,6,2
26934,6,2
26940,6,2
26946,6,2
26952,6,2
26958,6,2
26964,6,2
26970,6,2
26976,6,2
26982,6,2
26988,6,2
26994,6,2
27000,6,2
27006,6,2
27012,6,2
27018,6,2
27024,6,2
27030,6,2
27036,6,2
27042,6,2
27048,6,2
27054,6,2
27060,6,2
27066,6,2
27072,6,2
27078,6,2
27084,6,2
27090,6,2
27096,6,2
27102,6,2
27108,6,2
27114,6,2
27120,6,2
27126,6,2
27132,6,2
27138,6,2
27144,6,2
27150,6,2
27156,6,2
27162,6,2
27168,6,2
27174,6,2
27180,6,2
27186,6,2
27192,6,2
27198,6,2
27204,6,2
27210,6,2
27216,6,2
27222,6,2
27228,6,2
27234,6,2
27240,6,2
27246,6,2
27252,6,2
27258,6,2
27264,6,2
27270,6,2
27276,6,2
27282,6,2
27288,6,2
27294,6,2
27300,6,2
27306,6,2
27312,6,2
27318,6,2
27324,6,2
27330,6,2
27336,6,2
27342,6,2
27348,6,2
27354,6,2
27360,6,2
27366,6,2
27372,6,2
27378,6,2
27384,6,2
27390,6,2
27396,6,2
27402,6,2
27408,6,2
27414,6,2
27420,6,2
27426,6,2
27432,6,2
27438,6,2
27444,6,2
27450,6,2
27456,6,2
27462,6,2
27468,6,2
27474,6,2
27480,6,2
27486,6,2
27492,6,2
27498,6,2
27504,6,2
27510,6,2
27516,6,2
27522,6,2
27528,6,2
27534,6,2
27540,6,2
27546,6,2
27552,6,2
27558,6,2
27564,6,2
27570,6,2
27576,6,2
27582,6,2
27588,6,2
27594,6,2
27600,6,2
27606,6,2
27612,6,2
27618,6,2
27624,6,2
27630,6,2
27636,6,2
27642,6,2
27648,6,2
27654,6,2
27660,6,2
27666,6,2
27672,6,2
27678,6,2
27684,6,2
27690,6,2
27696,6,2
27702,6,2
27708,6,2
27714,6,2
27720,6,2
27726,6,2
27732,6,2
27738,6,2
27744,6,2
27750,6,2
27756,6,2
27762,6,2
27768,6,2
27774,6,2
27780,6,2
27786,6,2
27792,6,2
27798,6,2
27804,6,2
27810,6,2
27816,6,2
27822,6,2
27828,6,2
27834,6,2
27840,6,2
27846,6,2
27852,6,2
27858,6,2
27864,6,2
27870,6,2
27876,6,2
27882,6,2
27888,6,2
27894,6,2
27900,6,2
27906,6,2
27912,6,2
27918,6,2
27924,6,2
27930,6,2
27936,6,2
27942,6,2
27948,6,2
27954,6,2
27960,6,2
27966,6,2
27972,6,2
27978,6,2
27984,6,2
27990,6,2
27996,6,2
28002,6,2
28008,6,2
28014,6,2
28020,6,2
28026,6,2
28032,6,2
28038,6,2
28044,6,2
28050,6,2
28056,6,2
28062,6,2
28068,6,2
28074,6,2
28080,6,2
28086,6,2
28092,6,2
28098,6,2
28104,6,2
28110,6,2
28116,6,2
28122,6,2
28128,6,2
28134,6,2
28140,6,2
28146,6,2
28152,6,2
28158,6,2
28164,6,2
28170,6,2
28176,6,2
28182,6,2
28188,6,2
28194,6,2
28200,6,2
28206,6,2
28212,6,2
28218,6,2
28224,6,2
28230,6,2
28236,6,2
28242,6,2
28248,6,2
28254,6,2
28260,6,2
28266,6,2
28272,6,2
28278,6,2
28284,6,2
28290,6,2
28296,6,2
28302,6,2
28308,6,2
28314,6,2
28320,6,2
28326,6,2
28332,6,2
28338,6,2
28344,6,2
28350,6,2
28356,6,2
28362,6,2
28368,6,2
28374,6,2
28380,6,2
28386,6,2
28392,6,2
28398,6,2
28404,6,2
28410,6,2
28416,6,2
28422,6,2
28428,6,2
28434,6,2
28440,6,2
28446,6,2
28452,6,2
28458,6,2
28464,6,2
28470,6,2
28476,6,2
28482,6,2
28488,6,2
28494,6,2
28500,6,2
28506,6,2
28512,6,2
28518,6,2
28524,6,2
28530,6,2
28536,6,2
28542,6,2
28548,6,2
28554,6,2
28560,6,2
28566,6,2
28572,6,2
28578,6,2
28584,6,2
28590,6,2
28596,6,2
28602,6,2
28608,6,2
28614,6,2
28620,6,2
28626,6,2
28632,6,2
28638,6,2
28644,6,2
28650,6,2
28656,6,2
28662,6,2
28668,6,2
28674,6,2
28680,6,2
28686,6,2
28692,6,2
28698,6,2
28704,6,2
28710,6,2
28716,6,2
28722,6,2
28728,6,2
28734,6,2
28740,6,2
28746,6,2
28752,6,2
28758,6,2
28764,6,2
28770,6,2
28776,6,2
28782,6,2
28788,6,2
28794,6,2
28800,6,2
28806,6,2
28812,6,2
28818,6,2
28824,6,2
28830,6,2
28836,6,2
28842,6,2
28848,6,2
28854,6,2
28860,6,2
28866,6,2
28872,6,2
28878,6,2
28884,6,2
28890,6,2
28896,6,2
28902,6,2
28908,6,2
28914,6,2
28920,6,2
28926,6,2
28932,6,2
28938,6,2
28944,6,2
28950,6,2
28956,6,2
28962,6,2
28968,6,2
28974,6,2
28980,6,2
28986,6,2
28992,6,2
28998,6,2
29004,6,2
29010,6,2
29016,6,2
29022,6,2
29028,6,2
29034,6,2
29040,6,2
29046,6,2
29052,6,2
29058,6,2
29064,6,2
29070,6,2
29076,6,2
29082,6,2
29088,6,2
29094,6,2
29100,6,2
29106,6,2
29112,6,2
29118,6,2
29124,6,2
29130,6,2
29136,6,2
29142,6,2
29148,6,2
29154,6,2
29160,6,2
29166,6,2
29172,6,2
29178,6,2
29184,6,2
29190,6,2
29196,6,2
29202,6,2
29208,6,2
29214,6,2
29220,6,2
29226,6,2
29232,6,2
29238,6,2
29244,6,2
29250,6,2
29256,6,2
29262,6,2
29268,6,2
29274,6,2
29280,6,2
29286,6,2
29292,6,2
29298,6,2
29304,6,2
29310,6,2
29316,6,2
29322,6,2
29328,6,2
29334,6,2
29340,6,2
29346,6,2
29352,6,2
29358,6,2
29364,6,2
29370,6,2
29376,6,2
29382,6,2
29388,6,2
29394,6,2
29400,6,2
29406,6,2
29412,6,2
29418,6,2
29424,6,2
29430,6,2
29436,6,2
29442,6,2
29448,6,2
29454,6,2
29460,6,2
29466,6,2
29472,6,2
29478,6,2
29484,6,2
29490,6,2
29496,6,2
29502,6,2
29508,6,2
29514,6,2
29520,6,2
29526,6,2
29532,6,2
29538,6,2
29544,6,2
29550,6,2
29556,6,2
29562,6,2
29568,6,2
29574,6,2
29580,6,2
29586,6,2
29592,6,2
29598,6,2
29604,6,2
29610,6,2
29616,6,2
29622,6,2
29628,6,2
29634,6,2
29640,6,2
29646,6,2
29652,6,2
29658,6,2
29664,6,2
29670,6,2
29676,6,2
29682,6,2
29688,6,2
29694,6,2
29700,6,2
29706,6,2
29712,6,2
29718,6,2
29724,6,2
29730,6,2
29736,6,2
29742,6,2
29748,6,2
29754,6,2
29760,6,2
29766,6,2
29772,6,2
29778,6,2
29784,6,2
29790,6,2
29796,6,2
29802,6,2
29808,6,2
29814,6,2
29820,6,2
29826,6,2
29832,6,2
29838,6,2
29844,6,2
29850,6,2
29856,6,2
29862,6,2
29868,6,2
29874,6,2
29880,6,2
29886,6,2
29892,6,2
29898,6,2
29904,6,2
29910,6,2
29916,6,2
29922,6,2
29928,6,2
29934,6,2
29940,6,2
29946,6,2
29952,6,2
29958,6,2
29964,6,2
29970,6,2
29976,6,2
29982,6,2
29988,6,2
29994,6,2
30000,6,2
30006,6,2
30012,6,2
30018,6,2
30024,6,2
30030,6,2
30036,6,2
30042,6,2
30048,6,2
30054,6,2
30060,6,2
30066,6,2
30072,6,2
30078,6,2
30084,6,2
30090,6,2
30096,6,2
30102,6,2
30108,6,2
30114,6,2
30120,6,2
30126,6,2
30132,6,2
30138,6,2
30144,6,2
30150,6,2
30156,6,2
30162,6,2
30168,6,2
30174,6,2
30180,6,2
30186,6,2
30192,6,2
30198,6,2
30204,6,2
30210,6,2
30216,6,2
30222,6,2
30228,6,2
30234,6,2
30240,6,2
30246,6,2
30252,6,2
30258,6,2
30264,6,2
30270,6,2
30276,6,2
30282,6,2
30288,6,2
30294,6,2
30300,6,2
30306,6,2
30312,6,2
30318,6,2
30324,6,2
30330,6,2
30336,6,2
30342,6,2
30348,6,2
30354,6,2
30360,6,2
30366,6,2
30372,6,2
30378,6,2
30384,6,2
30390,6,2
30396,6,2
30402,6,2
30408,6,2
30414,6,2
30420,6,2
30426,6,2
30432,6,2
30438,6,2
30444,6,2
30450,6,2
30456,6,2
30462,6,2
30468,6,2
30474,6,2
30480,6,2
30486,6,2
30492,6,2
30498,6,2
30504,6,2
30510,6,2
30516,6,2
30522,6,2
30528,6,2
30534,6,2
30540,6,2
30546,6,2
30552,6,2
30558,6,2
30564,6,2
30570,6,2
30576,6,2
30582,6,2
30588,6,2
30594,6,2
30600,6,2
30606,6,2
30612,6,2
30618,6,2
30624,6,2
30630,6,2
30636,6,2
30642,6,2
30648,6,2
30654,6,2
30660,6,2
30666,6,2
30672,6,2
30678,6,2
30684,6,2
30690,6,2
30696,6,2
30702,6,2
30708,6,2
30714,6,2
30720,6,2
30726,6,2
30732,6,2
30738,6,2
30744,6,2
30750,6,2
30756,6,2
30762,6,2
30768,6,2
30774,6,2
30780,6,2
30786,6,2
30792,6,2
30798,6,2
30804,6,2
30810,6,2
30816,6,2
30822,6,2
30828,6,2
30834,6,2
30840,6,2
30846,6,2
30852,6,2
30858,6,2
30864,6,2
30870,6,2
30876,6,2
30882,6,2
30888,6,2
30894,6,2
30900,6,2
30906,6,2
30912,6,2
30918,6,2
30924,6,2
30930,6,2
30936,6,2
30942,6,2
30948,6,2
30954,6,2
30960,6,2
30966,6,2
30972,6,2
30978,6,2
30984,6,2
30990,6,2
30996,6,2
31002,6,2
31008,6,2
31014,6,2
31020,6,2
31026,6,2
31032,6,2
31038,6,2
31044,6,2
31050,6,2
31056,6,2
31062,6,2
31068,6,2
31074,6,2
31080,6,2
31086,6,2
31092,6,2
31098,6,2
31104,6,2
31110,6,2
31116,6,2
31122,6,2
31128,6,2
31134,6,2
31140,6,2
31146,6,2
31152,6,2
31158,6,2
31164,6,2
31170,6,2
31176,6,2
31182,6,2
31188,6,2
31194,6,2
31200,6,2
31206,6,2
31212,6,2
31218,6,2
31224,6,2
31230,6,2
31236,6,2
31242,6,2
31248,6,2
31254,6,2
31260,6,2
31266,6,2
31272,6,2
31278,6,2
31284,6,2
31290,6,2
31296,6,2
31302,6,2
31308,6,2
31314,6,2
31320,6,2
31326,6,2
31332,6,2
31338,6,2
31344,6,2
31350,6,2
31356,6,2
31362,6,2
31368,6,2
31374,6,2
31380,6,2
31386,6,2
31392,6,2
31398,6,2
31404,6,2
31410,6,2
31416,6,2
31422,6,2
31428,6,2
31434,6,2
31440,6,2
31446,6,2
31452,6,2
31458,6,2
31464,6,2
31470,6,2
31476,6,2
31482,6,2
31488,6,2
31494,6,2
31500,6,2
31506,6,2
31512,6,2
31518,6,2
31524,6,2
31530,6,2
31536,6,2
31542,6,2
31548,6,2
31554,6,2
31560,6,2
31566,6,2
31572,6,2
31578,6,2
31584,6,2
31590,6,2
31596,6,2
31602,6,2
31608,6,2
31614,6,2
31620,6,2
31626,6,2
31632,6,2
31638,6,2
31644,6,2
31650,6,2
31656,6,2
31662,6,2
31668,6,2
31674,6,2
31680,6,2
31686,6,2
31692,6,2
31698,6,2
31704,6,2
31710,6,2
31716,6,2
31722,6,2
31728,6,2
31734,6,2
31740,6,2
31746,6,2
31752,6,2
31758,6,2
31764,6,2
31770,6,2
31776,6,2
31782,6,2
31788,6,2
31794,6,2
31800,6,2
31806,6,2
31812,6,2
31818,6,2
31824,6,2
31830,6,2
31836,6,2
31842,6,2
31848,6,2
31854,6,2
31860,6,2
31866,6,2
31872,6,2
31878,6,2
31884,6,2
31890,6,2
31896,6,2
31902,6,2
31908,6,2
31914,6,2
31920,6,2
31926,6,2
31932,6,2
31938,6,2
31944,6,2
31950,6,2
31956,6,2
31962,6,2
31968,6,2
31974,6,2
31980,6,2
31986,6,2
31992,6,2
31998,6,2
32004,6,2
32010,6,2
32016,6,2
32022,6,2
32028,6,2
32034,6,2
32040,6,2
32046,6,2
32052,6,2
32058,6,2
32064,6,2
32070,6,2
32076,6,2
32082,6,2
32088,6,2
32094,6,2
32100,6,2
32106,6,2
32112,6,2
32118,6,2
32124,6,2
32130,6,2
32136,6,2
32142,6,2
32148,6,2
32154,6,2
32160,6,2
32166,6,2
32172,6,2
32178,6,2
32184,6,2
32190,6,2
32196,6,2
32202,6,2
32208,6,2
32214,6,2
32220,6,2
32226,6,2
32232,6,2
32238,6,2
32244,6,2
32250,6,2
32256,6,2
32262,6,2
32268,6,2
32274,6,2
32280,6,2
32286,6,2
32292,6,2
32298,6,2
32304,6,2
32310,6,2
32316,6,2
32322,6,2
32328,6,2
32334,6,2
32340,6,2
32346,6,2
32352,6,2
32358,6,2
32364,6,2
32370,6,2
32376,6,2
32382,6,2
32388,6,2
32394,6,2
32400,6,2
32406,6,2
32412,6,2
32418,6,2
32424,6,2
32430,6,2
32436,6,2
32442,6,2
32448,6,2
32454,6,2
32460,6,2
32466,6,2
32472,6,2
32478,6,2
32484,6,2
32490,6,2
32496,6,2
32502,6,2
32508,6,2
32514,6,2
32520,6,2
32526,6,2
32532,6,2
32538,6,2
32544,6,2
32550,6,2
32556,6,2
32562,6,2
32568,6,2
32574,6,2
32580,6,2
32586,6,2
32592,6,2
32598,6,2
32604,6,2
32610,6,2
32616,6,2
32622,6,2
32628,6,2
32634,6,2
32640,6,2
32646,6,2
32652,6,2
32658,6,2
32664,6,2
32670,6,2
32676,6,2
32682,6,2
32688,6,2
32694,6,2
32700,6,2
32706,6,2
32712,6,2
32718,6,2
32724,6,2
32730,6,2
32736,6,2
32742,6,2
32748,6,2
32754,6,2
32760,6,2
32766,6,2
32772,6,2
32778,6,2
32784,6,2
32790,6,2
32796,6,2
32802,6,2
32808,6,2
32814,6,2
32820,6,2
32826,6,2
32832,6,2
32838,6,2
32844,6,2
32850,6,2
32856,6,2
32862,6,2
32868,6,2
32874,6,2
32880,6,2
32886,6,2
32892,6,2
32898,6,2
32904,6,2
32910,6,2
32916,6,2
32922,6,2
32928,6,2
32934,6,2
32940,6,2
32946,6,2
32952,6,2
32958,6,2
32964,6,2
32970,6,2
32976,6,2
32982,6,2
32988,6,2
32994,6,2
33000,6,2
33006,6,2
33012,6,2
33018,6,2
33024,6,2
33030,6,2
33036,6,2
33042,6,2
33048,6,2
33054,6,2
33060,6,2
33066,6,2
33072,6,2
33078,6,2
33084,6,2
33090,6,2
33096,6,2
33102,6,2
33108,6,2
33114,6,2
33120,6,2
33126,6,2
33132,6,2
33138,6,2
33144,6,2
33150,6,2
33156,6,2
33162,6,2
33168,6,2
33174,6,2
33180,6,2
33186,6,2
33192,6,2
33198,6,2
33204,6,2
33210,6,2
33216,6,2
33222,6,2
33228,6,2
33234,6,2
33240,6,2
33246,6,2
33252,6,2
33258,6,2
33264,6,2
33270,6,2
33276,6,2
33282,6,2
33288,6,2
33294,6,2
33300,6,2
33306,6,2
33312,6,2
33318,6,2
33324,6,2
33330,6,2
33336,6,2
33342,6,2
33348,6,2
33354,6,2
33360,6,2
33366,6,2
33372,6,2
33378,6,2
33384,6,2
33390,6,2
33396,6,2
33402,6,2
33408,6,2
33414,6,2
33420,6,2
33426,6,2
33432,6,2
33438,6,2
33444,6,2
33450,6,2
33456,6,2
33462,6,2
33468,6,2
33474,6,2
33480,6,2
33486,6,2
33492,6,2
33498,6,2
33504,6,2
33510,6,2
33516,6,2
33522,6,2
33528,6,2
33534,6,2
33540,6,2
33546,6,2
33552,6,2
33558,6,2
33564,6,2
33570,6,2
33576,6,2
33582,6,2
33588,6,2
33594,6,2
33600,6,2
33606,6,2
33612,6,2
33618,6,2
33624,6,2
33630,6,2
33636,6,2
33642,6,2
33648,6,2
33654,6,2
33660,6,2
33666,6,2
33672,6,2
33678,6,2
33684,6,2
33690,6,2
33696,6,2
33702,6,2
33708,6,2
33714,6,2
33720,6,2
33726,6,2
33732,6,2
33738,6,2
33744,6,2
33750,6,2
33756,6,2
33762,6,2
33768,6,2
33774,6,2
33780,6,2
33786,6,2
33792,6,2
33798,6,2
33804,6,2
33810,6,2
33816,6,2
33822,6,2
33828,6,2
33834,6,2
33840,6,2
33846,6,2
33852,6,2
33858,6,2
33864,6,2
33870,6,2
33876,6,2
33882,6,2
33888,6,2
33894,6,2
33900,6,2
33906,6,2
33912,6,2
33918,6,2
33924,6,2
33930,6,2
33936,6,2
33942,6,2
33948,6,2
33954,6,2
33960,6,2
33966,6,2
33972,6,2
33978,6,2
33984,6,2
33990,6,2
33996,6,2
34002,6,2
34008,6,2
34014,6,2
34020,6,2
34026,6,2
34032,6,2
34038,6,2
34044,6,2
34050,6,2
34056,6,2
34062,6,2
34068,6,2
34074,6,2
34080,6,2
34086,6,2
34092,6,2
34098,6,2
34104,6,2
34110,6,2
34116,6,2
34122,6,2
34128,6,2
34134,6,2
34140,6,2
34146,6,2
34152,6,2
34158,6,2
34164,6,2
34170,6,2
34176,6,2
34182,6,2
34188,6,2
34194,6,2
34200,6,2
34206,6,2
34212,6,2
34218,6,2
34224,6,2
34230,6,2
34236,6,2
34242,6,2
34248,6,2
34254,6,2
34260,6,2
34266,6,2
34272,6,2
34278,6,2
34284,6,2
34290,6,2
34296,6,2
34302,6,2
34308,6,2
34314,6,2
34320,6,2
34326,6,2
34332,6,2
34338,6,2
34344,6,2
34350,6,2
34356,6,2
34362,6,2
34368,6,2
34374,6,2
34380,6,2
34386,6,2
34392,6,2
34398,6,2
34404,6,2
34410,6,2
34416,6,2
34422,6,2
34428,6,2
34434,6,2
34440,6,2
34446,6,2
34452,6,2
34458,6,2
34464,6,2
34470,6,2
34476,6,2
34482,6,2
34488,6,2
34494,6,2
34500,6,2
34506,6,2
34512,6,2
34518,6,2
34524,6,2
34530,6,2
34536,6,2
34542,6,2
34548,6,2
34554,6,2
34560,6,2
34566,6,2
34572,6,2
34578,6,2
34584,6,2
34590,6,2
34596,6,2
34602,6,2
34608,6,2
34614,6,2
34620,6,2
34626,6,2
34632,6,2
34638,6,2
34644,6,2
34650,6,2
34656,6,2
34662,6,2
34668,6,2
34674,6,2
34680,6,2
34686,6,2
34692,6,2
34698,6,2
34704,6,2
34710,6,2
34716,6,2
34722,6,2
34728,6,2
34734,6,2
34740,6,2
34746,6,2
34752,6,2
34758,6,2
34764,6,2
34770,6,2
34776,6,2
34782,6,2
34788,6,2
34794,6,2
34800,6,2
34806,6,2
34812,6,2
34818,6,2
34824,6,2
34830,6,2
34836,6,2
34842,6,2
34848,6,2
34854,6,2
34860,6,2
34866,6,2
34872,6,2
34878,6,2
34884,6,2
34890,6,2
34896,6,2
34902,6,2
34908,6,2
34914,6,2
34920,6,2
34926,6,2
34932,6,2
34938,6,2
34944,6,2
34950,6,2
34956,6,2
34962,6,2
34968,6,2
34974,6,2
34980,6,2
34986,6,2
34992,6,2
34998,6,2
35004,6,2
35010,6,2
35016,6,2
35022,6,2
35028,6,2
35034,6,2
35040,6,2
35046,6,2
35052,6,2
35058,6,2
35064,6,2
35070,6,2
35076,6,2
35082,6,2
35088,6,2
35094,6,2
35100,6,2
35106,6,2
35112,6,2
35118,6,2
35124,6,2
35130,6,2
35136,6,2
35142,6,2
35148,6,2
35154,6,2
35160,6,2
35166,6,2
35172,6,2
35178,6,2
35184,6,2
35190,6,2
35196,6,2
35202,6,2
35208,6,2
35214,6,2
35220,6,2
35226,6,2
35232,6,2
35238,6,2
35244,6,2
35250,6,2
35256,6,2
35262,6,2
35268,6,2
35274,6,2
35280,6,2
35286,6,2
35292,6,2
35298,6,2
35304,6,2
35310,6,2
35316,6,2
35322,6,2
35328,6,2
35334,6,2
35340,6,2
35346,6,2
35352,6,2
35358,6,2
35364,6,2
35370,6,2
35376,6,2
35382,6,2
35388,6,2
35394,6,2
35400,6,2
35406,6,2
35412,6,2
35418,6,2
35424,6,2
35430,6,2
35436,6,2
35442,6,2
35448,6,2
35454,6,2
35460,6,2
35466,6,2
35472,6,2
35478,6,2
35484,6,2
35490,6,2
35496,6,2
35502,6,2
35508,6,2
35514,6,2
35520,6,2
35526,6,2
35532,6,2
35538,6,2
35544,6,2
35550,6,2
35556,6,2
35562,6,2
35568,6,2
35574,6,2
35580,6,2
35586,6,2
35592,6,2
35598,6,2
35604,6,2
35610,6,2
35616,6,2
35622,6,2
35628,6,2
35634,6,2
35640,6,2
35646,6,2
35652,6,2
35658,6,2
35664,6,2
35670,6,2
35676,6,2
35682,6,2
35688,6,2
35694,6,2
35700,6,2
35706,6,2
35712,6,2
35718,6,2
35724,6,2
35730,6,2
35736,6,2
35742,6,2
35748,6,2
35754,6,2
35760,6,2
35766,6,2
35772,6,2
35778,6,2
35784,6,2
35790,6,2
35796,6,2
35802,6,2
35808,6,2
35814,6,2
35820,6,2
35826,6,2
35832,6,2
35838,6,2
35844,6,2
35850,6,2
35856,6,2
35862,6,2
35868,6,2
35874,6,2
35880,6,2
35886,6,2
35892,6,2
35898,6,2
35904,6,2
35910,6,2
35916,6,2
35922,6,2
35928,6,2
35934,6,2
35940,6,2
35946,6,2
35952,6,2
35958,6,2
35964,6,2
35970,6,2
35976,6,2
35982,6,2
35988,6,2
35994,6,2
36000,6,2
36006,6,2
36012,6,2
36018,6,2
36024,6,2
36030,6,2
36036,6,2
36042,6,2
36048,6,2
36054,6,2
36060,6,2
36066,6,2
36072,6,2
36078,6,2
36084,6,2
36090,6,2
36096,6,2
36102,6,2
36108,6,2
36114,6,2
36120,6,2
36126,6,2
36132,6,2
36138,6,2
36144,6,2
36150,6,2
36156,6,2
36162,6,2
36168,6,2
36174,6,2
36180,6,2
36186,6,2
36192,6,2
36198,6,2
36204,6,2
36210,6,2
36216,6,2
36222,6,2
36228,6,2
36234,6,2
36240,6,2
36246,6,2
36252,6,2
36258,6,2
36264,6,2
36270,6,2
36276,6,2
36282,6,2
36288,6,2
36294,6,2
36300,6,2
36306,6,2
36312,6,2
36318,6,2
36324,6,2
36330,6,2
36336,6,2
36342,6,2
36348,6,2
36354,6,2
36360,6,2
36366,6,2
36372,6,2
36378,6,2
36384,6,2
36390,6,2
36396,6,2
36402,6,2
36408,6,2
36414,6,2
36420,6,2
36426,6,2
36432,6,2
36438,6,2
36444,6,2
36450,6,2
36456,6,2
36462,6,2
36468,6,2
36474,6,2
36480,6,2
36486,6,2
36492,6,2
36498,6,2
36504,6,2
36510,6,2
36516,6,2
36522,6,2
36528,6,2
36534,6,2
36540,6,2
36546,6,2
36552,6,2
36558,6,2
36564,6,2
36570,6,2
36576,6,2
36582,6,2
36588,6,2
36594,6,2
36600,6,2
36606,6,2
36612,6,2
36618,6,2
36624,6,2
36630,6,2
36636,6,2
36642,6,2
36648,6,2
36654,6,2
36660,6,2
36666,6,2
36672,6,2
36678,6,2
36684,6,2
36690,6,2
36696,6,2
36702,6,2
36708,6,2
36714,6,2
36720,6,2
36726,6,2
36732,6,2
36738,6,2
36744,6,2
36750,6,2
36756,6,2
36762,6,2
36768,6,2
36774,6,2
36780,6,2
36786,6,2
36792,6,2
36798,6,2
36804,6,2
36810,6,2
36816,6,2
36822,6,2
36828,6,2
36834,6,2
36840,6,2
36846,6,2
36852,6,2
36858,6,2
36864,6,2
36870,6,2
36876,6,2
36882,6,2
36888,6,2
36894,6,2
36900,6,2
36906,6,2
36912,6,2
36918,6,2
36924,6,2
36930,6,2
36936,6,2
36942,6,2
36948,6,2
36954,6,2
36960,6,2
36966,6,2
36972,6,2
36978,6,2
36984,6,2
36990,6,2
36996,6,2
37002,6,2
37008,6,2
37014,6,2
37020,6,2
37026,6,2
37032,6,2
37038,6,2
37044,6,2
37050,6,2
37056,6,2
37062,6,2
37068,6,2
37074,6,2
37080,6,2
37086,6,2
37092,6,2
37098,6,2
37104,6,2
37110,6,2
37116,6,2
37122,6,2
37128,6,2
37134,6,2
37140,6,2
37146,6,2
37152,6,2
37158,6,2
37164,6,2
37170,6,2
37176,6,2
37182,6,2
37188,6,2
37194,6,2
37200,6,2
37206,6,2
37212,6,2
37218,6,2
37224,6,2
37230,6,2
37236,6,2
37242,6,2
37248,6,2
37254,6,2
37260,6,2
37266,6,2
37272,6,2
37278,6,2
37284,6,2
37290,6,2
37296,6,2
37302,6,2
37308,6,2
37314,6,2
37320,6,2
37326,6,2
37332,6,2
37338,6,2
37344,6,2
37350,6,2
37356,6,2
37362,6,2
37368,6,2
37374,6,2
37380,6,2
37386,6,2
37392,6,2
37398,6,2
37404,6,2
37410,6,2
37416,6,2
37422,6,2
37428,6,2
37434,6,2
37440,6,2
37446,6,2
37452,6,2
37458,6,2
37464,6,2
37470,6,2
37476,6,2
37482,6,2
37488,6,2
37494,6,2
37500,6,2
37506,6,2
37512,6,2
37518,6,2
37524,6,2
37530,6,2
37536,6,2
37542,6,2
37548,6,2
37554,6,2
37560,6,2
37566,6,2
37572,6,2
37578,6,2
37584,6,2
37590,6,2
37596,6,2
37602,6,2
37608,6,2
37614,6,2
37620,6,2
37626,6,2
37632,6,2
37638,6,2
37644,6,2
37650,6,2
37656,6,2
37662,6,2
37668,6,2
37674,6,2
37680,6,2
37686,6,2
37692,6,2
37698,6,2
37704,6,2
37710,6,2
37716,6,2
37722,6,2
37728,6,2
37734,6,2
37740,6,2
37746,6,2
37752,6,2
37758,6,2
37764,6,2
37770,6,2
37776,6,2
37782,6,2
37788,6,2
37794,6,2
37800,6,2
37806,6,2
37812,6,2
37818,6,2
37824,6,2
37830,6,2
37836,6,2
37842,6,2
37848,6,2
37854,6,2
37860,6,2
37866,6,2
37872,6,2
37878,6,2
37884,6,2
37890,6,2
37896,6,2
37902,6,2
37908,6,2
37914,6,2
37920,6,2
37926,6,2
37932,6,2
37938,6,2
37944,6,2
37950,6,2
37956,6,2
37962,6,2
37968,6,2
37974,6,2
37980,6,2
37986,6,2
37992,6,2
37998,6,2
38004,6,2
38010,6,2
38016,6,2
38022,6,2
38028,6,2
38034,6,2
38040,6,2
38046,6,2
38052,6,2
38058,6,2
38064,6,2
38070,6,2
38076,6,2
38082,6,2
38088,6,2
38094,6,2
38100,6,2
38106,6,2
38112,6,2
38118,6,2
38124,6,2
38130,6,2
38136,6,2
38142,6,2
38148,6,2
38154,6,2
38160,6,2
38166,6,2
38172,6,2
38178,6,2
38184,6,2
38190,6,2
38196,6,2
38202,6,2
38208,6,2
38214,6,2
38220,6,2
38226,6,2
38232,6,2
38238,6,2
38244,6,2
38250,6,2
38256,6,2
38262,6,2
38268,6,2
38274,6,2
38280,6,2
38286,6,2
38292,6,2
38298,6,2
38304,6,2
38310,6,2
38316,6,2
38322,6,2
38328,6,2
38334,6,2
38340,6,2
38346,6,2
38352,6,2
38358,6,2
38364,6,2
38370,6,2
38376,6,2
38382,6,2
38388,6,2
38394,6,2
38400,6,2
38406,6,2
38412,6,2
38418,6,2
38424,6,2
38430,6,2
38436,6,2
38442,6,2
38448,6,2
38454,6,2
38460,6,2
38466,6,2
38472,6,2
38478,6,2
38484,6,2
38490,6,2
38496,6,2
38502,6,2
38508,6,2
38514,6,2
38520,6,2
38526,6,2
38532,6,2
38538,6,2
38544,6,2
38550,6,2
38556,6,2
38562,6,2
38568,6,2
38574,6,2
38580,6,2
38586,6,2
38592,6,2
38598,6,2
38604,6,2
38610,6,2
38616,6,2
38622,6,2
38628,6,2
38634,6,2
38640,6,2
38646,6,2
38652,6,2
38658,6,2
38664,6,2
38670,6,2
38676,6,2
38682,6,2
38688,6,2
38694,6,2
38700,6,2
38706,6,2
38712,6,2
38718,6,2
38724,6,2
38730,6,2
38736,6,2
38742,6,2
38748,6,2
38754,6,2
38760,6,2
38766,6,2
38772,6,2
38778,6,2
38784,6,2
38790,6,2
38796,6,2
38802,6,2
38808,6,2
38814,6,2
38820,6,2
38826,6,2
38832,6,2
38838,6,2
38844,6,2
38850,6,2
38856,6,2
38862,6,2
38868,6,2
38874,6,2
38880,6,2
38886,6,2
38892,6,2
38898,6,2
38904,6,2
38910,6,2
38916,6,2
38922,6,2
38928,6,2
38934,6,2
38940,6,2
38946,6,2
38952,6,2
38958,6,2
38964,6,2
38970,6,2
38976,6,2
38982,6,2
38988,6,2
38994,6,2
39000,6,2
39006,6,2
39012,6,2
39018,6,2
39024,6,2
39030,6,2
39036,6,2
39042,6,2
39048,6,2
39054,6,2
39060,6,2
39066,6,2
39072,6,2
39078,6,2
39084,6,2
39090,6,2
39096,6,2
39102,6,2
39108,6,2
39114,6,2
39120,6,2
39126,6,2
39132,6,2
39138,6,2
39144,6,2
39150,6,2
39156,6,2
39162,6,2
39168,6,2
39174,6,2
39180,6,2
39186,6,2
39192,6,2
39198,6,2
39204,6,2
39210,6,2
39216,6,2
39222,6,2
39228,6,2
39234,6,2
39240,6,2
39246,6,2
39252,6,2
39258,6,2
39264,6,2
39270,6,2
39276,6,2
39282,6,2
39288,6,2
39294,6,2
39300,6,2
39306,6,2
39312,6,2
39318,6,2
39324,6,2
39330,6,2
39336,6,2
39342,6,2
39348,6,2
39354,6,2
39360,6,2
39366,6,2
39372,6,2
39378,6,2
39384,6,2
39390,6,2
39396,6,2
39402,6,2
39408,6,2
39414,6,2
39420,6,2
39426,6,2
39432,6,2
39438,6,2
39444,6,2
39450,6,2
39456,6,2
39462,6,2
39468,6,2
39474,6,2
39480,6,2
39486,6,2
39492,6,2
39498,6,2
39504,6,2
39510,6,2
39516,6,2
39522,6,2
39528,6,2
39534,6,2
39540,6,2
39546,6,2
39552,6,2
39558,6,2
39564,6,2
39570,6,2
39576,6,2
39582,6,2
39588,6,2
39594,6,2
39600,6,2
39606,6,2
39612,6,2
39618,6,2
39624,6,2
39630,6,2
39636,6,2
39642,6,2
39648,6,2
39654,6,2
39660,6,2
39666,6,2
39672,6,2
39678,6,2
39684,6,2
39690,6,2
39696,6,2
39702,6,2
39708,6,2
39714,6,2
39720,6,2
39726,6,2
39732,6,2
39738,6,2
39744,6,2
39750,6,2
39756,6,2
39762,6,2
39768,6,2
39774,6,2
39780,6,2
39786,6,2
39792,6,2
39798,6,2
39804,6,2
39810,6,2
39816,6,2
39822,6,2
39828,6,2
39834,6,2
39840,6,2
39846,6,2
39852,6,2
39858,6,2
39864,6,2
39870,6,2
39876,6,2
39882,6,2
39888,6,2
39894,6,2
39900,6,2
39906,6,2
39912,6,2
39918,6,2
39924,6,2
39930,6,2
39936,6,2
39942,6,2
39948,6,2
39954,6,2
39960,6,2
39966,6,2
39972,6,2
39978,6,2
39984,6,2
39990,6,2
39996,6,2
40002,6,2
40008,6,2
40014,6,2
40020,6,2
40026,6,2
40032,6,2
40038,6,2
40044,6,2
40050,6,2
40056,6,2
40062,6,2
40068,6,2
40074,6,2
40080,6,2
40086,6,2
40092,6,2
40098,6,2
40104,6,2
40110,6,2
40116,6,2
40122,6,2
40128,6,2
40134,6,2
40140,6,2
40146,6,2
40152,6,2
40158,6,2
40164,6,2
40170,6,2
40176,6,2
40182,6,2
40188,6,2
40194,6,2
40200,6,2
40206,6,2
40212,6,2
40218,6,2
40224,6,2
40230,6,2
40236,6,2
40242,6,2
40248,6,2
40254,6,2
40260,6,2
40266,6,2
40272,6,2
40278,6,2
40284,6,2
40290,6,2
40296,6,2
40302,6,2
40308,6,2
40314,6,2
40320,6,2
40326,6,2
40332,6,2
40338,6,2
40344,6,2
40350,6,2
40356,6,2
40362,6,2
40368,6,2
40374,6,2
40380,6,2
40386,6,2
40392,6,2
40398,6,2
40404,6,2
40410,6,2
40416,6,2
40422,6,2
40428,6,2
40434,6,2
40440,6,2
40446,6,2
40452,6,2
40458,6,2
40464,6,2
40470,6,2
40476,6,2
40482,6,2
40488,6,2
40494,6,2
40500,6,2
40506,6,2
40512,6,2
40518,6,2
40524,6,2
40530,6,2
40536,6,2
40542,6,2
40548,6,2
40554,6,2
40560,6,2
40566,6,2
40572,6,2
40578,6,2
40584,6,2
40590,6,2
40596,6,2
40602,6,2
40608,6,2
40614,6,2
40620,6,2
40626,6,2
40632,6,2
40638,6,2
40644,6,2
40650,6,2
40656,6,2
40662,6,2
40668,6,2
40674,6,2
40680,6,2
40686,6,2
40692,6,2
40698,6,2
40704,6,2
40710,6,2
40716,6,2
40722,6,2
40728,6,2
40734,6,2
40740,6,2
40746,6,2
40752,6,2
40758,6,2
40764,6,2
40770,6,2
40776,6,2
40782,6,2
40788,6,2
40794,6,2
40800,6,2
40806,6,2
40812,6,2
40818,6,2
40824,6,2
40830,6,2
40836,6,2
40842,6,2
40848,6,2
40854,6,2
40860,6,2
40866,6,2
40872,6,2
40878,6,2
40884,6,2
40890,6,2
40896,6,2
40902,6,2
40908,6,2
40914,6,2
40920,6,2
40926,6,2
40932,6,2
40938,6,2
40944,6,2
40950,6,2
40956,6,2
40962,6,2
40968,6,2
40974,6,2
40980,6,2
40986,6,2
40992,6,2
40998,6,2
41004,6,2
41010,6,2
41016,6,2
41022,6,2
41028,6,2
41034,6,2
41040,6,2
41046,6,2
41052,6,2
41058,6,2
41064,6,2
41070,6,2
41076,6,2
41082,6,2
41088,6,2
41094,6,2
41100,6,2
41106,6,2
41112,6,2
41118,6,2
41124,6,2
41130,6,2
41136,6,2
41142,6,2
41148,6,2
41154,6,2
41160,6,2
41166,6,2
41172,6,2
41178,6,2
41184,6,2
41190,6,2
41196,6,2
41202,6,2
41208,6,2
41214,6,2
41220,6,2
41226,6,2
41232,6,2
41238,6,2
41244,6,2
41250,6,2
41256,6,2
41262,6,2
41268,6,2
41274,6,2
41280,6,2
41286,6,2
41292,6,2
41298,6,2
41304,6,2
41310,6,2
41316,6,2
41322,6,2
41328,6,2
41334,6,2
41340,6,2
41346,6,2
41352,6,2
41358,6,2
41364,6,2
41370,6,2
41376,6,2
41382,6,2
41388,6,2
41394,6,2
41400,6,2
41406,6,2
41412,6,2
41418,6,2
41424,6,2
41430,6,2
41436,6,2
41442,6,2
41448,6,2
41454,6,2
41460,6,2
41466,6,2
41472,6,2
41478,6,2
41484,6,2
41490,6,2
41496,6,2
41502,6,2
41508,6,2
41514,6,2
41520,6,2
41526,6,2
41532,6,2
41538,6,2
41544,6,2
41550,6,2
41556,6,2
41562,6,2
41568,6,2
41574,6,2
41580,6,2
41586,6,2
41592,6,2
41598,6,2
41604,6,2
41610,6,2
41616,6,2
41622,6,2
41628,6,2
41634,6,2
41640,6,2
41646,6,2
41652,6,2
41658,6,2
41664,6,2
41670,6,2
41676,6,2
41682,6,2
41688,6,2
41694,6,2
41700,6,2
41706,6,2
41712,6,2
41718,6,2
41724,6,2
41730,6,2
41736,6,2
41742,6,2
41748,6,2
41754,6,2
41760,6,2
41766,6,2
41772,6,2
41778,6,2
41784,6,2
41790,6,2
41796,6,2
41802,6,2
41808,6,2
41814,6,2
41820,6,2
41826,6,2
41832,6,2
41838,6,2
41844,6,2
41850,6,2
41856,6,2
41862,6,2
41868,6,2
41874,6,2
41880,6,2
41886,6,2
41892,6,2
41898,6,2
41904,6,2
41910,6,2
41916,6,2
41922,6,2
41928,6,2
41934,6,2
41940,6,2
41946,6,2
41952,6,2
41958,6,2
41964,6,2
41970,6,2
41976,6,2
41982,6,2
41988,6,2
41994,6,2
42000,6,2
42006,6,2
42012,6,2
42018,6,2
42024,6,2
42030,6,2
42036,6,2
42042,6,2
42048,6,2
42054,6,2
42060,6,2
42066,6,2
42072,6,2
42078,6,2
42084,6,2
42090,6,2
42096,6,2
42102,6,2
42108,6,2
42114,6,2
42120,6,2
42126,6,2
42132,6,2
42138,6,2
42144,6,2
42150,6,2
42156,6,2
42162,6,2
42168,6,2
42174,6,2
42180,6,2
42186,6,2
42192,6,2
42198,6,2
42204,6,2
42210,6,2
42216,6,2
42222,6,2
42228,6,2
42234,6,2
42240,6,2
42246,6,2
42252,6,2
42258,6,2
42264,6,2
42270,6,2
42276,6,2
42282,6,2
42288,6,2
42294,6,2
42300,6,2
42306,6,2
42312,6,2
42318,6,2
42324,6,2
42330,6,2
42336,6,2
42342,6,2
42348,6,2
42354,6,2
42360,6,2
42366,6,2
42372,6,2
42378,6,2
42384,6,2
42390,6,2
42396,6,2
42402,6,2
42408,6,2
42414,6,2
42420,6,2
42426,6,2
42432,6,2
42438,6,2
42444,6,2
42450,6,2
42456,6,2
42462,6,2
42468,6,2
42474,6,2
42480,6,2
42486,6,2
42492,6,2
42498,6,2
42504,6,2
42510,6,2
42516,6,2
42522,6,2
42528,6,2
42534,6,2
42540,6,2
42546,6,2
42552,6,2
42558,6,2
42564,6,2
42570,6,2
42576,6,2
42582,6,2
42588,6,2
42594,6,2
42600,6,2
42606,6,2
42612,6,2
42618,6,2
42624,6,2
42630,6,2
42636,6,2
42642,6,2
42648,6,2
42654,6,2
42660,6,2
42666,6,2
42672,6,2
42678,6,2
42684,6,2
42690,6,2
42696,6,2
42702,6,2
42708,6,2
42714,6,2
42720,6,2
42726,6,2
42732,6,2
42738,6,2
42744,6,2
42750,6,2
42756,6,2
42762,6,2
42768,6,2
42774,6,2
42780,6,2
42786,6,2
42792,6,2
42798,6,2
42804,6,2
42810,6,2
42816,6,2
42822,6,2
42828,6,2
42834,6,2
42840,6,2
42846,6,2
42852,6,2
42858,6,2
42864,6,2
42870,6,2
42876,6,2
42882,6,2
42888,6,2
42894,6,2
42900,6,2
42906,6,2
42912,6,2
42918,6,2
42924,6,2
42930,6,2
42936,6,2
42942,6,2
42948,6,2
42954,6,2
42960,6,2
42966,6,2
42972,6,2
42978,6,2
42984,6,2
42990,6,2
42996,6,2
43002,6,2
43008,6,2
43014,6,2
43020,6,2
43026,6,2
43032,6,2
43038,6,2
43044,6,2
43050,6,2
43056,6,2
43062,6,2
43068,6,2
43074,6,2
43080,6,2
43086,6,2
43092,6,2
43098,6,2
43104,6,2
43110,6,2
43116,6,2
43122,6,2
43128,6,2
43134,6,2
43140,6,2
43146,6,2
43152,6,2
43158,6,2
43164,6,2
43170,6,2
43176,6,2
43182,6,2
43188,6,2
43194,6,2
43200,6,2
43206,6,2
43212,6,2
43218,6,2
43224,6,2
43230,6,2
43236,6,2
43242,6,2
43248,6,2
43254,6,2
43260,6,2
43266,6,2
43272,6,2
43278,6,2
43284,6,2
43290,6,2
43296,6,2
43302,6,2
43308,6,2
43314,6,2
43320,6,2
43326,6,2
43332,6,2
43338,6,2
43344,6,2
43350,6,2
43356,6,2
43362,6,2
43368,6,2
43374,6,2
43380,6,2
43386,6,2
43392,6,2
43398,6,2
43404,6,2
43410,6,2
43416,6,2
43422,6,2
43428,6,2
43434,6,2
43440,6,2
43446,6,2
43452,6,2
43458,6,2
43464,6,2
43470,6,2
43476,6,2
43482,6,2
43488,6,2
43494,6,2
43500,6,2
43506,6,2
43512,6,2
43518,6,2
43524,6,2
43530,6,2
43536,6,2
43542,6,2
43548,6,2
43554,6,2
43560,6,2
43566,6,2
43572,6,2
43578,6,2
43584,6,2
43590,6,2
43596,6,2
43602,6,2
43608,6,2
43614,6,2
43620,6,2
43626,6,2
43632,6,2
43638,6,2
43644,6,2
43650,6,2
43656,6,2
43662,6,2
43668,6,2
43674,6,2
43680,6,2
43686,6,2
43692,6,2
43698,6,2
43704,6,2
43710,6,2
43716,6,2
43722,6,2
43728,6,2
43734,6,2
43740,6,2
43746,6,2
43752,6,2
43758,6,2
43764,6,2
43770,6,2
43776,6,2
43782,6,2
43788,6,2
43794,6,2
43800,6,2
43806,6,2
43812,6,2
43818,6,2
43824,6,2
43830,6,2
43836,6,2
43842,6,2
43848,6,2
43854,6,2
43860,6,2
43866,6,2
43872,6,2
43878,6,2
43884,6,2
43890,6,2
43896,6,2
43902,6,2
43908,6,2
43914,6,2
43920,6,2
43926,6,2
43932,6,2
43938,6,2
43944,6,2
43950,6,2
43956,6,2
43962,6,2
43968,6,2
43974,6,2
43980,6,2
43986,6,2
43992,6,2
43998,6,2
44004,6,2
44010,6,2
44016,6,2
44022,6,2
44028,6,2
44034,6,2
44040,6,2
44046,6,2
44052,6,2
44058,6,2
44064,6,2
44070,6,2
44076,6,2
44082,6,2
44088,6,2
44094,6,2
44100,6,2
44106,6,2
44112,6,2
44118,6,2
44124,6,2
44130,6,2
44136,6,2
44142,6,2
44148,6,2
44154,6,2
44160,6,2
44166,6,2
44172,6,2
44178,6,2
44184,6,2
44190,6,2
44196,6,2
44202,6,2
44208,6,2
44214,6,2
44220,6,2
44226,6,2
44232,6,2
44238,6,2
44244,6,2
44250,6,2
44256,6,2
44262,6,2
44268,6,2
44274,6,2
44280,6,2
44286,6,2
44292,6,2
44298,6,2
44304,6,2
44310,6,2
44316,6,2
44322,6,2
44328,6,2
44334,6,2
44340,6,2
44346,6,2
44352,6,2
44358,6,2
44364,6,2
44370,6,2
44376,6,2
44382,6,2
44388,6,2
44394,6,2
44400,6,2
44406,6,2
44412,6,2
44418,6,2
44424,6,2
44430,6,2
44436,6,2
44442,6,2
44448,6,2
44454,6,2
44460,6,2
44466,6,2
44472,6,2
44478,6,2
44484,6,2
44490,6,2
44496,6,2
44502,6,2
44508,6,2
44514,6,2
44520,6,2
44526,6,2
44532,6,2
44538,6,2
44544,6,2
44550,6,2
44556,6,2
44562,6,2
44568,6,2
44574,6,2
44580,6,2
44586,6,2
44592,6,2
44598,6,2
44604,6,2
44610,6,2
44616,6,2
44622,6,2
44628,6,2
44634,6,2
44640,6,2
44646,6,2
44652,6,2
44658,6,2
44664,6,2
44670,6,2
44676,6,2
44682,6,2
44688,6,2
44694,6,2
44700,6,2
44706,6,2
44712,6,2
44718,6,2
44724,6,2
44730,6,2
44736,6,2
44742,6,2
44748,6,2
44754,6,2
44760,6,2
44766,6,2
44772,6,2
44778,6,2
44784,6,2
44790,6,2
44796,6,2
44802,6,2
44808,6,2
44814,6,2
44820,6,2
44826,6,2
44832,6,2
44838,6,2
44844,6,2
44850,6,2
44856,6,2
44862,6,2
44868,6,2
44874,6,2
44880,6,2
44886,6,2
44892,6,2
44898,6,2
44904,6,2
44910,6,2
44916,6,2
44922,6,2
44928,6,2
44934,6,2
44940,6,2
44946,6,2
44952,6,2
44958,6,2
44964,6,2
44970,6,2
44976,6,2
44982,6,2
44988,6,2
44994,6,2
45000,6,2
45006,6,2
45012,6,2
45018,6,2
45024,6,2
45030,6,2
45036,6,2
45042,6,2
45048,6,2
45054,6,2
45060,6,2
45066,6,2
45072,6,2
45078,6,2
45084,6,2
45090,6,2
45096,6,2
45102,6,2
45108,6,2
45114,6,2
45120,6,2
45126,6,2
45132,6,2
45138,6,2
45144,6,2
45150,6,2
45156,6,2
45162,6,2
45168,6,2
45174,6,2
45180,6,2
45186,6,2
45192,6,2
45198,6,2
45204,6,2
45210,6,2
45216,6,2
45222,6,2
45228,6,2
45234,6,2
45240,6,2
45246,6,2
45252,6,2
45258,6,2
45264,6,2
45270,6,2
45276,6,2
45282,6,2
45288,6,2
45294,6,2
45300,6,2
45306,6,2
45312,6,2
45318,6,2
45324,6,2
45330,6,2
45336,6,2
45342,6,2
45348,6,2
45354,6,2
45360,6,2
45366,6,2
45372,6,2
45378,6,2
45384,6,2
45390,6,2
45396,6,2
45402,6,2
45408,6,2
45414,6,2
45420,6,2
45426,6,2
45432,6,2
45438,6,2
45444,6,2
45450,6,2
45456,6,2
45462,6,2
45468,6,2
45474,6,2
45480,6,2
45486,6,2
45492,6,2
45498,6,2
45504,6,2
45510,6,2
45516,6,2
45522,6,2
45528,6,2
45534,6,2
45540,6,2
45546,6,2
45552,6,2
45558,6,2
45564,6,2
45570,6,2
45576,6,2
45582,6,2
45588,6,2
45594,6,2
45600,6,2
45606,6,2
45612,6,2
45618,6,2
45624,6,2
45630,6,2
45636,6,2
45642,6,2
45648,6,2
45654,6,2
45660,6,2
45666,6,2
45672,6,2
45678,6,2
45684,6,2
45690,6,2
45696,6,2
45702,6,2
45708,6,2
45714,6,2
45720,6,2
45726,6,2
45732,6,2
45738,6,2
45744,6,2
45750,6,2
45756,6,2
45762,6,2
45768,6,2
45774,6,2
45780,6,2
45786,6,2
45792,6,2
45798,6,2
45804,6,2
45810,6,2
45816,6,2
45822,6,2
45828,6,2
45834,6,2
45840,6,2
45846,6,2
45852,6,2
45858,6,2
45864,6,2
45870,6,2
45876,6,2
45882,6,2
45888,6,2
45894,6,2
45900,6,2
45906,6,2
45912,6,2
45918,6,2
45924,6,2
45930,6,2
45936,6,2
45942,6,2
45948,6,2
45954,6,2
45960,6,2
45966,6,2
45972,6,2
45978,6,2
45984,6,2
45990,6,2
45996,6,2
46002,6,2
46008,6,2
46014,6,2
46020,6,2
46026,6,2
46032,6,2
46038,6,2
46044,6,2
46050,6,2
46056,6,2
46062,6,2
46068,6,2
46074,6,2
46080,6,2
46086,6,2
46092,6,2
46098,6,2
46104,6,2
46110,6,2
46116,6,2
46122,6,2
46128,6,2
46134,6,2
46140,6,2
46146,6,2
46152,6,2
46158,6,2
46164,6,2
46170,6,2
46176,6,2
46182,6,2
46188,6,2
46194,6,2
46200,6,2
46206,6,2
46212,6,2
46218,6,2
46224,6,2
46230,6,2
46236,6,2
46242,6,2
46248,6,2
46254,6,2
46260,6,2
46266,6,2
46272,6,2
46278,6,2
46284,6,2
46290,6,2
46296,6,2
46302,6,2
46308,6,2
46314,6,2
46320,6,2
46326,6,2
46332,6,2
46338,6,2
46344,6,2
46350,6,2
46356,6,2
46362,6,2
46368,6,2
46374,6,2
46380,6,2
46386,6,2
46392,6,2
46398,6,2
46404,6,2
46410,6,2
46416,6,2
46422,6,2
46428,6,2
46434,6,2
46440,6,2
46446,6,2
46452,6,2
46458,6,2
46464,6,2
46470,6,2
46476,6,2
46482,6,2
46488,6,2
46494,6,2
46500,6,2
46506,6,2
46512,6,2
46518,6,2
46524,6,2
46530,6,2
46536,6,2
46542,6,2
46548,6,2
46554,6,2
46560,6,2
46566,6,2
46572,6,2
46578,6,2
46584,6,2
46590,6,2
46596,6,2
46602,6,2
46608,6,2
46614,6,2
46620,6,2
46626,6,2
46632,6,2
46638,6,2
46644,6,2
46650,6,2
46656,6,2
46662,6,2
46668,6,2
46674,6,2
46680,6,2
46686,6,2
46692,6,2
46698,6,2
46704,6,2
46710,6,2
46716,6,2
46722,6,2
46728,6,2
46734,6,2
46740,6,2
46746,6,2
46752,6,2
46758,6,2
46764,6,2
46770,6,2
46776,6,2
46782,6,2
46788,6,2
46794,6,2
46800,6,2
46806,6,2
46812,6,2
46818,6,2
46824,6,2
46830,6,2
46836,6,2
46842,6,2
46848,6,2
46854,6,2
46860,6,2
46866,6,2
46872,6,2
46878,6,2
46884,6,2
46890,6,2
46896,6,2
46902,6,2
46908,6,2
46914,6,2
46920,6,2
46926,6,2
46932,6,2
46938,6,2
46944,6,2
46950,6,2
46956,6,2
46962,6,2
46968,6,2
46974,6,2
46980,6,2
46986,6,2
46992,6,2
46998,6,2
47004,6,2
47010,6,2
47016,6,2
47022,6,2
47028,6,2
47034,6,2
47040,6,2
47046,6,2
47052,6,2
47058,6,2
47064,6,2
47070,6,2
47076,6,2
47082,6,2
47088,6,2
47094,6,2
47100,6,2
47106,6,2
47112,6,2
47118,6,2
47124,6,2
47130,6,2
47136,6,2
47142,6,2
47148,6,2
47154,6,2
47160,6,2
47166,6,2
47172,6,2
47178,6,2
47184,6,2
47190,6,2
47196,6,2
47202,6,2
47208,6,2
47214,6,2
47220,6,2
47226,6,2
47232,6,2
47238,6,2
47244,6,2
47250,6,2
47256,6,2
47262,6,2
47268,6,2
47274,6,2
47280,6,2
47286,6,2
47292,6,2
47298,6,2
47304,6,2
47310,6,2
47316,6,2
47322,6,2
47328,6,2
47334,6,2
47340,6,2
47346,6,2
47352,6,2
47358,6,2
47364,6,2
47370,6,2
47376,6,2
47382,6,2
47388,6,2
47394,6,2
47400,6,2
47406,6,2
47412,6,2
47418,6,2
47424,6,2
47430,6,2
47436,6,2
47442,6,2
47448,6,2
47454,6,2
47460,6,2
47466,6,2
47472,6,2
47478,6,2
47484,6,2
47490,6,2
47496,6,2
47502,6,2
47508,6,2
47514,6,2
47520,6,2
47526,6,2
47532,6,2
47538,6,2
47544,6,2
47550,6,2
47556,6,2
47562,6,2
47568,6,2
47574,6,2
47580,6,2
47586,6,2
47592,6,2
47598,6,2
47604,6,2
47610,6,2
47616,6,2
47622,6,2
47628,6,2
47634,6,2
47640,6,2
47646,6,2
47652,6,2
47658,6,2
47664,6,2
47670,6,2
47676,6,2
47682,6,2
47688,6,2
47694,6,2
47700,6,2
47706,6,2
47712,6,2
47718,6,2
47724,6,2
47730,6,2
47736,6,2
47742,6,2
47748,6,2
47754,6,2
47760,6,2
47766,6,2
47772,6,2
47778,6,2
47784,6,2
47790,6,2
47796,6,2
47802,6,2
47808,6,2
47814,6,2
47820,6,2
47826,6,2
47832,6,2
47838,6,2
47844,6,2
47850,6,2
47856,6,2
47862,6,2
47868,6,2
47874,6,2
47880,6,2
47886,6,2
47892,6,2
47898,6,2
47904,6,2
47910,6,2
47916,6,2
47922,6,2
47928,6,2
47934,6,2
47940,6,2
47946,6,2
47952,6,2
47958,6,2
47964,6,2
47970,6,2
47976,6,2
47982,6,2
47988,6,2
47994,6,2
48000,6,2
48006,6,2
48012,6,2
48018,6,2
48024,6,2
48030,6,2
48036,6,2
48042,6,2
48048,6,2
48054,6,2
48060,6,2
48066,6,2
48072,6,2
48078,6,2
48084,6,2
48090,6,2
48096,6,2
48102,6,2
48108,6,2
48114,6,2
48120,6,2
48126,6,2
48132,6,2
48138,6,2
48144,6,2
48150,6,2
48156,6,2
48162,6,2
48168,6,2
48174,6,2
48180,6,2
48186,6,2
48192,6,2
48198,6,2
48204,6,2
48210,6,2
48216,6,2
48222,6,2
48228,6,2
48234,6,2
48240,6,2
48246,6,2
48252,6,2
48258,6,2
48264,6,2
48270,6,2
48276,6,2
48282,6,2
48288,6,2
48294,6,2
48300,6,2
48306,6,2
48312,6,2
48318,6,2
48324,6,2
48330,6,2
48336,6,2
48342,6,2
48348,6,2
48354,6,2
48360,6,2
48366,6,2
48372,6,2
48378,6,2
48384,6,2
48390,6,2
48396,6,2
48402,6,2
48408,6,2
48414,6,2
48420,6,2
48426,6,2
48432,6,2
48438,6,2
48444,6,2
48450,6,2
48456,6,2
48462,6,2
48468,6,2
48474,6,2
48480,6,2
48486,6,2
48492,6,2
48498,6,2
48504,6,2
48510,6,2
48516,6,2
48522,6,2
48528,6,2
48534,6,2
48540,6,2
48546,6,2
48552,6,2
48558,6,2
48564,6,2
48570,6,2
48576,6,2
48582,6,2
48588,6,2
48594,6,2
48600,6,2
48606,6,2
48612,6,2
48618,6,2
48624,6,2
48630,6,2
48636,6,2
48642,6,2
48648,6,2
48654,6,2
48660,6,2
48666,6,2
48672,6,2
48678,6,2
48684,6,2
48690,6,2
48696,6,2
48702,6,2
48708,6,2
48714,6,2
48720,6,2
48726,6,2
48732,6,2
48738,6,2
48744,6,2
48750,6,2
48756,6,2
48762,6,2
48768,6,2
48774,6,2
48780,6,2
48786,6,2
48792,6,2
48798,6,2
48804,6,2
48810,6,2
48816,6,2
48822,6,2
48828,6,2
48834,6,2
48840,6,2
48846,6,2
48852,6,2
48858,6,2
48864,6,2
48870,6,2
48876,6,2
48882,6,2
48888,6,2
48894,6,2
48900,6,2
48906,6,2
48912,6,2
48918,6,2
48924,6,2
48930,6,2
48936,6,2
48942,6,2
48948,6,2
48954,6,2
48960,6,2
48966,6,2
48972,6,2
48978,6,2
48984,6,2
48990,6,2
48996,6,2
49002,6,2
49008,6,2
49014,6,2
49020,6,2
49026,6,2
49032,6,2
49038,6,2
49044,6,2
49050,6,2
49056,6,2
49062,6,2
49068,6,2
49074,6,2
49080,6,2
49086,6,2
49092,6,2
49098,6,2
49104,6,2
49110,6,2
49116,6,2
49122,6,2
49128,6,2
49134,6,2
49140,6,2
49146,6,2
