49152,6,2
49158,6,2
49164,6,2
49170,6,2
49176,6,2
49182,6,2
49188,6,2
49194,6,2
49200,6,2
49206,6,2
49212,6,2
49218,6,2
49224,6,2
49230,6,2
49236,6,2
49242,6,2
49248,6,2
49254,6,2
49260,6,2
49266,6,2
49272,6,2
49278,6,2
49284,6,2
49290,6,2
49296,6,2
49302,6,2
49308,6,2
49314,6,2
49320,6,2
49326,6,2
49332,6,2
49338,6,2
49344,6,2
49350,6,2
49356,6,2
49362,6,2
49368,6,2
49374,6,2
49380,6,2
49386,6,2
49392,6,2
49398,6,2
49404,6,2
49410,6,2
49416,6,2
49422,6,2
49428,6,2
49434,6,2
49440,6,2
49446,6,2
49452,6,2
49458,6,2
49464,6,2
49470,6,2
49476,6,2
49482,6,2
49488,6,2
49494,6,2
49500,6,2
49506,6,2
49512,6,2
49518,6,2
49524,6,2
49530,6,2
49536,6,2
49542,6,2
49548,6,2
49554,6,2
49560,6,2
49566,6,2
49572,6,2
49578,6,2
49584,6,2
49590,6,2
49596,6,2
49602,6,2
49608,6,2
49614,6,2
49620,6,2
49626,6,2
49632,6,2
49638,6,2
49644,6,2
49650,6,2
49656,6,2
49662,6,2
49668,6,2
49674,6,2
49680,6,2
49686,6,2
49692,6,2
49698,6,2
49704,6,2
49710,6,2
49716,6,2
49722,6,2
49728,6,2
49734,6,2
49740,6,2
49746,6,2
49752,6,2
49758,6,2
49764,6,2
49770,6,2
49776,6,2
49782,6,2
49788,6,2
49794,6,2
49800,6,2
49806,6,2
49812,6,2
49818,6,2
49824,6,2
49830,6,2
49836,6,2
49842,6,2
49848,6,2
49854,6,2
49860,6,2
49866,6,2
49872,6,2
49878,6,2
49884,6,2
49890,6,2
49896,6,2
49902,6,2
49908,6,2
49914,6,2
49920,6,2
49926,6,2
49932,6,2
49938,6,2
49944,6,2
49950,6,2
49956,6,2
49962,6,2
49968,6,2
49974,6,2
49980,6,2
49986,6,2
49992,6,2
49998,6,2
50004,6,2
50010,6,2
50016,6,2
50022,6,2
50028,6,2
50034,6,2
50040,6,2
50046,6,2
50052,6,2
50058,6,2
50064,6,2
50070,6,2
50076,6,2
50082,6,2
50088,6,2
50094,6,2
50100,6,2
50106,6,2
50112,6,2
50118,6,2
50124,6,2
50130,6,2
50136,6,2
50142,6,2
50148,6,2
50154,6,2
50160,6,2
50166,6,2
50172,6,2
50178,6,2
50184,6,2
50190,6,2
50196,6,2
50202,6,2
50208,6,2
50214,6,2
50220,6,2
50226,6,2
50232,6,2
50238,6,2
50244,6,2
50250,6,2
50256,6,2
50262,6,2
50268,6,2
50274,6,2
50280,6,2
50286,6,2
50292,6,2
50298,6,2
50304,6,2
50310,6,2
50316,6,2
50322,6,2
50328,6,2
50334,6,2
50340,6,2
50346,6,2
50352,6,2
50358,6,2
50364,6,2
50370,6,2
50376,6,2
50382,6,2
50388,6,2
50394,6,2
50400,6,2
50406,6,2
50412,6,2
50418,6,2
50424,6,2
50430,6,2
50436,6,2
50442,6,2
50448,6,2
50454,6,2
50460,6,2
50466,6,2
50472,6,2
50478,6,2
50484,6,2
50490,6,2
50496,6,2
50502,6,2
50508,6,2
50514,6,2
50520,6,2
50526,6,2
50532,6,2
50538,6,2
50544,6,2
50550,6,2
50556,6,2
50562,6,2
50568,6,2
50574,6,2
50580,6,2
50586,6,2
50592,6,2
50598,6,2
50604,6,2
50610,6,2
50616,6,2
50622,6,2
50628,6,2
50634,6,2
50640,6,2
50646,6,2
50652,6,2
50658,6,2
50664,6,2
50670,6,2
50676,6,2
50682,6,2
50688,6,2
50694,6,2
50700,6,2
50706,6,2
50712,6,2
50718,6,2
50724,6,2
50730,6,2
50736,6,2
50742,6,2
50748,6,2
50754,6,2
50760,6,2
50766,6,2
50772,6,2
50778,6,2
50784,6,2
50790,6,2
50796,6,2
50802,6,2
50808,6,2
50814,6,2
50820,6,2
50826,6,2
50832,6,2
50838,6,2
50844,6,2
50850,6,2
50856,6,2
50862,6,2
50868,6,2
50874,6,2
50880,6,2
50886,6,2
50892,6,2
50898,6,2
50904,6,2
50910,6,2
50916,6,2
50922,6,2
50928,6,2
50934,6,2
50940,6,2
50946,6,2
50952,6,2
50958,6,2
50964,6,2
50970,6,2
50976,6,2
50982,6,2
50988,6,2
50994,6,2
51000,6,2
51006,6,2
51012,6,2
51018,6,2
51024,6,2
51030,6,2
51036,6,2
51042,6,2
51048,6,2
51054,6,2
51060,6,2
51066,6,2
51072,6,2
51078,6,2
51084,6,2
51090,6,2
51096,6,2
51102,6,2
51108,6,2
51114,6,2
51120,6,2
51126,6,2
51132,6,2
51138,6,2
51144,6,2
51150,6,2
51156,6,2
51162,6,2
51168,6,2
51174,6,2
51180,6,2
51186,6,2
51192,6,2
51198,6,2
51204,6,2
51210,6,2
51216,6,2
51222,6,2
51228,6,2
51234,6,2
51240,6,2
51246,6,2
51252,6,2
51258,6,2
51264,6,2
51270,6,2
51276,6,2
51282,6,2
51288,6,2
51294,6,2
51300,6,2
51306,6,2
51312,6,2
51318,6,2
51324,6,2
51330,6,2
51336,6,2
51342,6,2
51348,6,2
51354,6,2
51360,6,2
51366,6,2
51372,6,2
51378,6,2
51384,6,2
51390,6,2
51396,6,2
51402,6,2
51408,6,2
51414,6,2
51420,6,2
51426,6,2
51432,6,2
51438,6,2
51444,6,2
51450,6,2
51456,6,2
51462,6,2
51468,6,2
51474,6,2
51480,6,2
51486,6,2
51492,6,2
51498,6,2
51504,6,2
51510,6,2
51516,6,2
51522,6,2
51528,6,2
51534,6,2
51540,6,2
51546,6,2
51552,6,2
51558,6,2
51564,6,2
51570,6,2
51576,6,2
51582,6,2
51588,6,2
51594,6,2
51600,6,2
51606,6,2
51612,6,2
51618,6,2
51624,6,2
51630,6,2
51636,6,2
51642,6,2
51648,6,2
51654,6,2
51660,6,2
51666,6,2
51672,6,2
51678,6,2
51684,6,2
51690,6,2
51696,6,2
51702,6,2
51708,6,2
51714,6,2
51720,6,2
51726,6,2
51732,6,2
51738,6,2
51744,6,2
51750,6,2
51756,6,2
51762,6,2
51768,6,2
51774,6,2
51780,6,2
51786,6,2
51792,6,2
51798,6,2
51804,6,2
51810,6,2
51816,6,2
51822,6,2
51828,6,2
51834,6,2
51840,6,2
51846,6,2
51852,6,2
51858,6,2
51864,6,2
51870,6,2
51876,6,2
51882,6,2
51888,6,2
51894,6,2
51900,6,2
51906,6,2
51912,6,2
51918,6,2
51924,6,2
51930,6,2
51936,6,2
51942,6,2
51948,6,2
51954,6,2
51960,6,2
51966,6,2
51972,6,2
51978,6,2
51984,6,2
51990,6,2
51996,6,2
52002,6,2
52008,6,2
52014,6,2
52020,6,2
52026,6,2
52032,6,2
52038,6,2
52044,6,2
52050,6,2
52056,6,2
52062,6,2
52068,6,2
52074,6,2
52080,6,2
52086,6,2
52092,6,2
52098,6,2
52104,6,2
52110,6,2
52116,6,2
52122,6,2
52128,6,2
52134,6,2
52140,6,2
52146,6,2
52152,6,2
52158,6,2
52164,6,2
52170,6,2
52176,6,2
52182,6,2
52188,6,2
52194,6,2
52200,6,2
52206,6,2
52212,6,2
52218,6,2
52224,6,2
52230,6,2
52236,6,2
52242,6,2
52248,6,2
52254,6,2
52260,6,2
52266,6,2
52272,6,2
52278,6,2
52284,6,2
52290,6,2
52296,6,2
52302,6,2
52308,6,2
52314,6,2
52320,6,2
52326,6,2
52332,6,2
52338,6,2
52344,6,2
52350,6,2
52356,6,2
52362,6,2
52368,6,2
52374,6,2
52380,6,2
52386,6,2
52392,6,2
52398,6,2
52404,6,2
52410,6,2
52416,6,2
52422,6,2
52428,6,2
52434,6,2
52440,6,2
52446,6,2
52452,6,2
52458,6,2
52464,6,2
52470,6,2
52476,6,2
52482,6,2
52488,6,2
52494,6,2
52500,6,2
52506,6,2
52512,6,2
52518,6,2
52524,6,2
52530,6,2
52536,6,2
52542,6,2
52548,6,2
52554,6,2
52560,6,2
52566,6,2
52572,6,2
52578,6,2
52584,6,2
52590,6,2
52596,6,2
52602,6,2
52608,6,2
52614,6,2
52620,6,2
52626,6,2
52632,6,2
52638,6,2
52644,6,2
52650,6,2
52656,6,2
52662,6,2
52668,6,2
52674,6,2
52680,6,2
52686,6,2
52692,6,2
52698,6,2
52704,6,2
52710,6,2
52716,6,2
52722,6,2
52728,6,2
52734,6,2
52740,6,2
52746,6,2
52752,6,2
52758,6,2
52764,6,2
52770,6,2
52776,6,2
52782,6,2
52788,6,2
52794,6,2
52800,6,2
52806,6,2
52812,6,2
52818,6,2
52824,6,2
52830,6,2
52836,6,2
52842,6,2
52848,6,2
52854,6,2
52860,6,2
52866,6,2
52872,6,2
52878,6,2
52884,6,2
52890,6,2
52896,6,2
52902,6,2
52908,6,2
52914,6,2
52920,6,2
52926,6,2
52932,6,2
52938,6,2
52944,6,2
52950,6,2
52956,6,2
52962,6,2
52968,6,2
52974,6,2
52980,6,2
52986,6,2
52992,6,2
52998,6,2
53004,6,2
53010,6,2
53016,6,2
53022,6,2
53028,6,2
53034,6,2
53040,6,2
53046,6,2
53052,6,2
53058,6,2
53064,6,2
53070,6,2
53076,6,2
53082,6,2
53088,6,2
53094,6,2
53100,6,2
53106,6,2
53112,6,2
53118,6,2
53124,6,2
53130,6,2
53136,6,2
53142,6,2
53148,6,2
53154,6,2
53160,6,2
53166,6,2
53172,6,2
53178,6,2
53184,6,2
53190,6,2
53196,6,2
53202,6,2
53208,6,2
53214,6,2
53220,6,2
53226,6,2
53232,6,2
53238,6,2
53244,6,2
53250,6,2
53256,6,2
53262,6,2
53268,6,2
53274,6,2
53280,6,2
53286,6,2
53292,6,2
53298,6,2
53304,6,2
53310,6,2
53316,6,2
53322,6,2
53328,6,2
53334,6,2
53340,6,2
53346,6,2
53352,6,2
53358,6,2
53364,6,2
53370,6,2
53376,6,2
53382,6,2
53388,6,2
53394,6,2
53400,6,2
53406,6,2
53412,6,2
53418,6,2
53424,6,2
53430,6,2
53436,6,2
53442,6,2
53448,6,2
53454,6,2
53460,6,2
53466,6,2
53472,6,2
53478,6,2
53484,6,2
53490,6,2
53496,6,2
53502,6,2
53508,6,2
53514,6,2
53520,6,2
53526,6,2
53532,6,2
53538,6,2
53544,6,2
53550,6,2
53556,6,2
53562,6,2
53568,6,2
53574,6,2
53580,6,2
53586,6,2
53592,6,2
53598,6,2
53604,6,2
53610,6,2
53616,6,2
53622,6,2
53628,6,2
53634,6,2
53640,6,2
53646,6,2
53652,6,2
53658,6,2
53664,6,2
53670,6,2
53676,6,2
53682,6,2
53688,6,2
53694,6,2
53700,6,2
53706,6,2
53712,6,2
53718,6,2
53724,6,2
53730,6,2
53736,6,2
53742,6,2
53748,6,2
53754,6,2
53760,6,2
53766,6,2
53772,6,2
53778,6,2
53784,6,2
53790,6,2
53796,6,2
53802,6,2
53808,6,2
53814,6,2
53820,6,2
53826,6,2
53832,6,2
53838,6,2
53844,6,2
53850,6,2
53856,6,2
53862,6,2
53868,6,2
53874,6,2
53880,6,2
53886,6,2
53892,6,2
53898,6,2
53904,6,2
53910,6,2
53916,6,2
53922,6,2
53928,6,2
53934,6,2
53940,6,2
53946,6,2
53952,6,2
53958,6,2
53964,6,2
53970,6,2
53976,6,2
53982,6,2
53988,6,2
53994,6,2
54000,6,2
54006,6,2
54012,6,2
54018,6,2
54024,6,2
54030,6,2
54036,6,2
54042,6,2
54048,6,2
54054,6,2
54060,6,2
54066,6,2
54072,6,2
54078,6,2
54084,6,2
54090,6,2
54096,6,2
54102,6,2
54108,6,2
54114,6,2
54120,6,2
54126,6,2
54132,6,2
54138,6,2
54144,6,2
54150,6,2
54156,6,2
54162,6,2
54168,6,2
54174,6,2
54180,6,2
54186,6,2
54192,6,2
54198,6,2
54204,6,2
54210,6,2
54216,6,2
54222,6,2
54228,6,2
54234,6,2
54240,6,2
54246,6,2
54252,6,2
54258,6,2
54264,6,2
54270,6,2
54276,6,2
54282,6,2
54288,6,2
54294,6,2
54300,6,2
54306,6,2
54312,6,2
54318,6,2
54324,6,2
54330,6,2
54336,6,2
54342,6,2
54348,6,2
54354,6,2
54360,6,2
54366,6,2
54372,6,2
54378,6,2
54384,6,2
54390,6,2
54396,6,2
54402,6,2
54408,6,2
54414,6,2
54420,6,2
54426,6,2
54432,6,2
54438,6,2
54444,6,2
54450,6,2
54456,6,2
54462,6,2
54468,6,2
54474,6,2
54480,6,2
54486,6,2
54492,6,2
54498,6,2
54504,6,2
54510,6,2
54516,6,2
54522,6,2
54528,6,2
54534,6,2
54540,6,2
54546,6,2
54552,6,2
54558,6,2
54564,6,2
54570,6,2
54576,6,2
54582,6,2
54588,6,2
54594,6,2
54600,6,2
54606,6,2
54612,6,2
54618,6,2
54624,6,2
54630,6,2
54636,6,2
54642,6,2
54648,6,2
54654,6,2
54660,6,2
54666,6,2
54672,6,2
54678,6,2
54684,6,2
54690,6,2
54696,6,2
54702,6,2
54708,6,2
54714,6,2
54720,6,2
54726,6,2
54732,6,2
54738,6,2
54744,6,2
54750,6,2
54756,6,2
54762,6,2
54768,6,2
54774,6,2
54780,6,2
54786,6,2
54792,6,2
54798,6,2
54804,6,2
54810,6,2
54816,6,2
54822,6,2
54828,6,2
54834,6,2
54840,6,2
54846,6,2
54852,6,2
54858,6,2
54864,6,2
54870,6,2
54876,6,2
54882,6,2
54888,6,2
54894,6,2
54900,6,2
54906,6,2
54912,6,2
54918,6,2
54924,6,2
54930,6,2
54936,6,2
54942,6,2
54948,6,2
54954,6,2
54960,6,2
54966,6,2
54972,6,2
54978,6,2
54984,6,2
54990,6,2
54996,6,2
55002,6,2
55008,6,2
55014,6,2
55020,6,2
55026,6,2
55032,6,2
55038,6,2
55044,6,2
55050,6,2
55056,6,2
55062,6,2
55068,6,2
55074,6,2
55080,6,2
55086,6,2
55092,6,2
55098,6,2
55104,6,2
55110,6,2
55116,6,2
55122,6,2
55128,6,2
55134,6,2
55140,6,2
55146,6,2
55152,6,2
55158,6,2
55164,6,2
55170,6,2
55176,6,2
55182,6,2
55188,6,2
55194,6,2
55200,6,2
55206,6,2
55212,6,2
55218,6,2
55224,6,2
55230,6,2
55236,6,2
55242,6,2
55248,6,2
55254,6,2
55260,6,2
55266,6,2
55272,6,2
55278,6,2
55284,6,2
55290,6,2
55296,6,2
55302,6,2
55308,6,2
55314,6,2
55320,6,2
55326,6,2
55332,6,2
55338,6,2
55344,6,2
55350,6,2
55356,6,2
55362,6,2
55368,6,2
55374,6,2
55380,6,2
55386,6,2
55392,6,2
55398,6,2
55404,6,2
55410,6,2
55416,6,2
55422,6,2
55428,6,2
55434,6,2
55440,6,2
55446,6,2
55452,6,2
55458,6,2
55464,6,2
55470,6,2
55476,6,2
55482,6,2
55488,6,2
55494,6,2
55500,6,2
55506,6,2
55512,6,2
55518,6,2
55524,6,2
55530,6,2
55536,6,2
55542,6,2
55548,6,2
55554,6,2
55560,6,2
55566,6,2
55572,6,2
55578,6,2
55584,6,2
55590,6,2
55596,6,2
55602,6,2
55608,6,2
55614,6,2
55620,6,2
55626,6,2
55632,6,2
55638,6,2
55644,6,2
55650,6,2
55656,6,2
55662,6,2
55668,6,2
55674,6,2
55680,6,2
55686,6,2
55692,6,2
55698,6,2
55704,6,2
55710,6,2
55716,6,2
55722,6,2
55728,6,2
55734,6,2
55740,6,2
55746,6,2
55752,6,2
55758,6,2
55764,6,2
55770,6,2
55776,6,2
55782,6,2
55788,6,2
55794,6,2
55800,6,2
55806,6,2
55812,6,2
55818,6,2
55824,6,2
55830,6,2
55836,6,2
55842,6,2
55848,6,2
55854,6,2
55860,6,2
55866,6,2
55872,6,2
55878,6,2
55884,6,2
55890,6,2
55896,6,2
55902,6,2
55908,6,2
55914,6,2
55920,6,2
55926,6,2
55932,6,2
55938,6,2
55944,6,2
55950,6,2
55956,6,2
55962,6,2
55968,6,2
55974,6,2
55980,6,2
55986,6,2
55992,6,2
55998,6,2
56004,6,2
56010,6,2
56016,6,2
56022,6,2
56028,6,2
56034,6,2
56040,6,2
56046,6,2
56052,6,2
56058,6,2
56064,6,2
56070,6,2
56076,6,2
56082,6,2
56088,6,2
56094,6,2
56100,6,2
56106,6,2
56112,6,2
56118,6,2
56124,6,2
56130,6,2
56136,6,2
56142,6,2
56148,6,2
56154,6,2
56160,6,2
56166,6,2
56172,6,2
56178,6,2
56184,6,2
56190,6,2
56196,6,2
56202,6,2
56208,6,2
56214,6,2
56220,6,2
56226,6,2
56232,6,2
56238,6,2
56244,6,2
56250,6,2
56256,6,2
56262,6,2
56268,6,2
56274,6,2
56280,6,2
56286,6,2
56292,6,2
56298,6,2
56304,6,2
56310,6,2
56316,6,2
56322,6,2
56328,6,2
56334,6,2
56340,6,2
56346,6,2
56352,6,2
56358,6,2
56364,6,2
56370,6,2
56376,6,2
56382,6,2
56388,6,2
56394,6,2
56400,6,2
56406,6,2
56412,6,2
56418,6,2
56424,6,2
56430,6,2
56436,6,2
56442,6,2
56448,6,2
56454,6,2
56460,6,2
56466,6,2
56472,6,2
56478,6,2
56484,6,2
56490,6,2
56496,6,2
56502,6,2
56508,6,2
56514,6,2
56520,6,2
56526,6,2
56532,6,2
56538,6,2
56544,6,2
56550,6,2
56556,6,2
56562,6,2
56568,6,2
56574,6,2
56580,6,2
56586,6,2
56592,6,2
56598,6,2
56604,6,2
56610,6,2
56616,6,2
56622,6,2
56628,6,2
56634,6,2
56640,6,2
56646,6,2
56652,6,2
56658,6,2
56664,6,2
56670,6,2
56676,6,2
56682,6,2
56688,6,2
56694,6,2
56700,6,2
56706,6,2
56712,6,2
56718,6,2
56724,6,2
56730,6,2
56736,6,2
56742,6,2
56748,6,2
56754,6,2
56760,6,2
56766,6,2
56772,6,2
56778,6,2
56784,6,2
56790,6,2
56796,6,2
56802,6,2
56808,6,2
56814,6,2
56820,6,2
56826,6,2
56832,6,2
56838,6,2
56844,6,2
56850,6,2
56856,6,2
56862,6,2
56868,6,2
56874,6,2
56880,6,2
56886,6,2
56892,6,2
56898,6,2
56904,6,2
56910,6,2
56916,6,2
56922,6,2
56928,6,2
56934,6,2
56940,6,2
56946,6,2
56952,6,2
56958,6,2
56964,6,2
56970,6,2
56976,6,2
56982,6,2
56988,6,2
56994,6,2
57000,6,2
57006,6,2
57012,6,2
57018,6,2
57024,6,2
57030,6,2
57036,6,2
57042,6,2
57048,6,2
57054,6,2
57060,6,2
57066,6,2
57072,6,2
57078,6,2
57084,6,2
57090,6,2
57096,6,2
57102,6,2
57108,6,2
57114,6,2
57120,6,2
57126,6,2
57132,6,2
57138,6,2
57144,6,2
57150,6,2
57156,6,2
57162,6,2
57168,6,2
57174,6,2
57180,6,2
57186,6,2
57192,6,2
57198,6,2
57204,6,2
57210,6,2
57216,6,2
57222,6,2
57228,6,2
57234,6,2
57240,6,2
57246,6,2
57252,6,2
57258,6,2
57264,6,2
57270,6,2
57276,6,2
57282,6,2
57288,6,2
57294,6,2
57300,6,2
57306,6,2
57312,6,2
57318,6,2
57324,6,2
57330,6,2
57336,6,2
57342,6,2
57348,6,2
57354,6,2
57360,6,2
57366,6,2
57372,6,2
57378,6,2
57384,6,2
57390,6,2
57396,6,2
57402,6,2
57408,6,2
57414,6,2
57420,6,2
57426,6,2
57432,6,2
57438,6,2
57444,6,2
57450,6,2
57456,6,2
57462,6,2
57468,6,2
57474,6,2
57480,6,2
57486,6,2
57492,6,2
57498,6,2
57504,6,2
57510,6,2
57516,6,2
57522,6,2
57528,6,2
57534,6,2
57540,6,2
57546,6,2
57552,6,2
57558,6,2
57564,6,2
57570,6,2
57576,6,2
57582,6,2
57588,6,2
57594,6,2
57600,6,2
57606,6,2
57612,6,2
57618,6,2
57624,6,2
57630,6,2
57636,6,2
57642,6,2
57648,6,2
57654,6,2
57660,6,2
57666,6,2
57672,6,2
57678,6,2
57684,6,2
57690,6,2
57696,6,2
57702,6,2
57708,6,2
57714,6,2
57720,6,2
57726,6,2
57732,6,2
57738,6,2
57744,6,2
57750,6,2
57756,6,2
57762,6,2
57768,6,2
57774,6,2
57780,6,2
57786,6,2
57792,6,2
57798,6,2
57804,6,2
57810,6,2
57816,6,2
57822,6,2
57828,6,2
57834,6,2
57840,6,2
57846,6,2
57852,6,2
57858,6,2
57864,6,2
57870,6,2
57876,6,2
57882,6,2
57888,6,2
57894,6,2
57900,6,2
57906,6,2
57912,6,2
57918,6,2
57924,6,2
57930,6,2
57936,6,2
57942,6,2
57948,6,2
57954,6,2
57960,6,2
57966,6,2
57972,6,2
57978,6,2
57984,6,2
57990,6,2
57996,6,2
58002,6,2
58008,6,2
58014,6,2
58020,6,2
58026,6,2
58032,6,2
58038,6,2
58044,6,2
58050,6,2
58056,6,2
58062,6,2
58068,6,2
58074,6,2
58080,6,2
58086,6,2
58092,6,2
58098,6,2
58104,6,2
58110,6,2
58116,6,2
58122,6,2
58128,6,2
58134,6,2
58140,6,2
58146,6,2
58152,6,2
58158,6,2
58164,6,2
58170,6,2
58176,6,2
58182,6,2
58188,6,2
58194,6,2
58200,6,2
58206,6,2
58212,6,2
58218,6,2
58224,6,2
58230,6,2
58236,6,2
58242,6,2
58248,6,2
58254,6,2
58260,6,2
58266,6,2
58272,6,2
58278,6,2
58284,6,2
58290,6,2
58296,6,2
58302,6,2
58308,6,2
58314,6,2
58320,6,2
58326,6,2
58332,6,2
58338,6,2
58344,6,2
58350,6,2
58356,6,2
58362,6,2
58368,6,2
58374,6,2
58380,6,2
58386,6,2
58392,6,2
58398,6,2
58404,6,2
58410,6,2
58416,6,2
58422,6,2
58428,6,2
58434,6,2
58440,6,2
58446,6,2
58452,6,2
58458,6,2
58464,6,2
58470,6,2
58476,6,2
58482,6,2
58488,6,2
58494,6,2
58500,6,2
58506,6,2
58512,6,2
58518,6,2
58524,6,2
58530,6,2
58536,6,2
58542,6,2
58548,6,2
58554,6,2
58560,6,2
58566,6,2
58572,6,2
58578,6,2
58584,6,2
58590,6,2
58596,6,2
58602,6,2
58608,6,2
58614,6,2
58620,6,2
58626,6,2
58632,6,2
58638,6,2
58644,6,2
58650,6,2
58656,6,2
58662,6,2
58668,6,2
58674,6,2
58680,6,2
58686,6,2
58692,6,2
58698,6,2
58704,6,2
58710,6,2
58716,6,2
58722,6,2
58728,6,2
58734,6,2
58740,6,2
58746,6,2
58752,6,2
58758,6,2
58764,6,2
58770,6,2
58776,6,2
58782,6,2
58788,6,2
58794,6,2
58800,6,2
58806,6,2
58812,6,2
58818,6,2
58824,6,2
58830,6,2
58836,6,2
58842,6,2
58848,6,2
58854,6,2
58860,6,2
58866,6,2
58872,6,2
58878,6,2
58884,6,2
58890,6,2
58896,6,2
58902,6,2
58908,6,2
58914,6,2
58920,6,2
58926,6,2
58932,6,2
58938,6,2
58944,6,2
58950,6,2
58956,6,2
58962,6,2
58968,6,2
58974,6,2
58980,6,2
58986,6,2
58992,6,2
58998,6,2
59004,6,2
59010,6,2
59016,6,2
59022,6,2
59028,6,2
59034,6,2
59040,6,2
59046,6,2
59052,6,2
59058,6,2
59064,6,2
59070,6,2
59076,6,2
59082,6,2
59088,6,2
59094,6,2
59100,6,2
59106,6,2
59112,6,2
59118,6,2
59124,6,2
59130,6,2
59136,6,2
59142,6,2
59148,6,2
59154,6,2
59160,6,2
59166,6,2
59172,6,2
59178,6,2
59184,6,2
59190,6,2
59196,6,2
59202,6,2
59208,6,2
59214,6,2
59220,6,2
59226,6,2
59232,6,2
59238,6,2
59244,6,2
59250,6,2
59256,6,2
59262,6,2
59268,6,2
59274,6,2
59280,6,2
59286,6,2
59292,6,2
59298,6,2
59304,6,2
59310,6,2
59316,6,2
59322,6,2
59328,6,2
59334,6,2
59340,6,2
59346,6,2
59352,6,2
59358,6,2
59364,6,2
59370,6,2
59376,6,2
59382,6,2
59388,6,2
59394,6,2
59400,6,2
59406,6,2
59412,6,2
59418,6,2
59424,6,2
59430,6,2
59436,6,2
59442,6,2
59448,6,2
59454,6,2
59460,6,2
59466,6,2
59472,6,2
59478,6,2
59484,6,2
59490,6,2
59496,6,2
59502,6,2
59508,6,2
59514,6,2
59520,6,2
59526,6,2
59532,6,2
59538,6,2
59544,6,2
59550,6,2
59556,6,2
59562,6,2
59568,6,2
59574,6,2
59580,6,2
59586,6,2
59592,6,2
59598,6,2
59604,6,2
59610,6,2
59616,6,2
59622,6,2
59628,6,2
59634,6,2
59640,6,2
59646,6,2
59652,6,2
59658,6,2
59664,6,2
59670,6,2
59676,6,2
59682,6,2
59688,6,2
59694,6,2
59700,6,2
59706,6,2
59712,6,2
59718,6,2
59724,6,2
59730,6,2
59736,6,2
59742,6,2
59748,6,2
59754,6,2
59760,6,2
59766,6,2
59772,6,2
59778,6,2
59784,6,2
59790,6,2
59796,6,2
59802,6,2
59808,6,2
59814,6,2
59820,6,2
59826,6,2
59832,6,2
59838,6,2
59844,6,2
59850,6,2
59856,6,2
59862,6,2
59868,6,2
59874,6,2
59880,6,2
59886,6,2
59892,6,2
59898,6,2
59904,6,2
59910,6,2
59916,6,2
59922,6,2
59928,6,2
59934,6,2
59940,6,2
59946,6,2
59952,6,2
59958,6,2
59964,6,2
59970,6,2
59976,6,2
59982,6,2
59988,6,2
59994,6,2
60000,6,2
60006,6,2
60012,6,2
60018,6,2
60024,6,2
60030,6,2
60036,6,2
60042,6,2
60048,6,2
60054,6,2
60060,6,2
60066,6,2
60072,6,2
60078,6,2
60084,6,2
60090,6,2
60096,6,2
60102,6,2
60108,6,2
60114,6,2
60120,6,2
60126,6,2
60132,6,2
60138,6,2
60144,6,2
60150,6,2
60156,6,2
60162,6,2
60168,6,2
60174,6,2
60180,6,2
60186,6,2
60192,6,2
60198,6,2
60204,6,2
60210,6,2
60216,6,2
60222,6,2
60228,6,2
60234,6,2
60240,6,2
60246,6,2
60252,6,2
60258,6,2
60264,6,2
60270,6,2
60276,6,2
60282,6,2
60288,6,2
60294,6,2
60300,6,2
60306,6,2
60312,6,2
60318,6,2
60324,6,2
60330,6,2
60336,6,2
60342,6,2
60348,6,2
60354,6,2
60360,6,2
60366,6,2
60372,6,2
60378,6,2
60384,6,2
60390,6,2
60396,6,2
60402,6,2
60408,6,2
60414,6,2
60420,6,2
60426,6,2
60432,6,2
60438,6,2
60444,6,2
60450,6,2
60456,6,2
60462,6,2
60468,6,2
60474,6,2
60480,6,2
60486,6,2
60492,6,2
60498,6,2
60504,6,2
60510,6,2
60516,6,2
60522,6,2
60528,6,2
60534,6,2
60540,6,2
60546,6,2
60552,6,2
60558,6,2
60564,6,2
60570,6,2
60576,6,2
60582,6,2
60588,6,2
60594,6,2
60600,6,2
60606,6,2
60612,6,2
60618,6,2
60624,6,2
60630,6,2
60636,6,2
60642,6,2
60648,6,2
60654,6,2
60660,6,2
60666,6,2
60672,6,2
60678,6,2
60684,6,2
60690,6,2
60696,6,2
60702,6,2
60708,6,2
60714,6,2
60720,6,2
60726,6,2
60732,6,2
60738,6,2
60744,6,2
60750,6,2
60756,6,2
60762,6,2
60768,6,2
60774,6,2
60780,6,2
60786,6,2
60792,6,2
60798,6,2
60804,6,2
60810,6,2
60816,6,2
60822,6,2
60828,6,2
60834,6,2
60840,6,2
60846,6,2
60852,6,2
60858,6,2
60864,6,2
60870,6,2
60876,6,2
60882,6,2
60888,6,2
60894,6,2
60900,6,2
60906,6,2
60912,6,2
60918,6,2
60924,6,2
60930,6,2
60936,6,2
60942,6,2
60948,6,2
60954,6,2
60960,6,2
60966,6,2
60972,6,2
60978,6,2
60984,6,2
60990,6,2
60996,6,2
61002,6,2
61008,6,2
61014,6,2
61020,6,2
61026,6,2
61032,6,2
61038,6,2
61044,6,2
61050,6,2
61056,6,2
61062,6,2
61068,6,2
61074,6,2
61080,6,2
61086,6,2
61092,6,2
61098,6,2
61104,6,2
61110,6,2
61116,6,2
61122,6,2
61128,6,2
61134,6,2
61140,6,2
61146,6,2
61152,6,2
61158,6,2
61164,6,2
61170,6,2
61176,6,2
61182,6,2
61188,6,2
61194,6,2
61200,6,2
61206,6,2
61212,6,2
61218,6,2
61224,6,2
61230,6,2
61236,6,2
61242,6,2
61248,6,2
61254,6,2
61260,6,2
61266,6,2
61272,6,2
61278,6,2
61284,6,2
61290,6,2
61296,6,2
61302,6,2
61308,6,2
61314,6,2
61320,6,2
61326,6,2
61332,6,2
61338,6,2
61344,6,2
61350,6,2
61356,6,2
61362,6,2
61368,6,2
61374,6,2
61380,6,2
61386,6,2
61392,6,2
61398,6,2
61404,6,2
61410,6,2
61416,6,2
61422,6,2
61428,6,2
61434,6,2
61440,6,2
61446,6,2
61452,6,2
61458,6,2
61464,6,2
61470,6,2
61476,6,2
61482,6,2
61488,6,2
61494,6,2
61500,6,2
61506,6,2
61512,6,2
61518,6,2
61524,6,2
61530,6,2
61536,6,2
61542,6,2
61548,6,2
61554,6,2
61560,6,2
61566,6,2
61572,6,2
61578,6,2
61584,6,2
61590,6,2
61596,6,2
61602,6,2
61608,6,2
61614,6,2
61620,6,2
61626,6,2
61632,6,2
61638,6,2
61644,6,2
61650,6,2
61656,6,2
61662,6,2
61668,6,2
61674,6,2
61680,6,2
61686,6,2
61692,6,2
61698,6,2
61704,6,2
61710,6,2
61716,6,2
61722,6,2
61728,6,2
61734,6,2
61740,6,2
61746,6,2
61752,6,2
61758,6,2
61764,6,2
61770,6,2
61776,6,2
61782,6,2
61788,6,2
61794,6,2
61800,6,2
61806,6,2
61812,6,2
61818,6,2
61824,6,2
61830,6,2
61836,6,2
61842,6,2
61848,6,2
61854,6,2
61860,6,2
61866,6,2
61872,6,2
61878,6,2
61884,6,2
61890,6,2
61896,6,2
61902,6,2
61908,6,2
61914,6,2
61920,6,2
61926,6,2
61932,6,2
61938,6,2
61944,6,2
61950,6,2
61956,6,2
61962,6,2
61968,6,2
61974,6,2
61980,6,2
61986,6,2
61992,6,2
61998,6,2
62004,6,2
62010,6,2
62016,6,2
62022,6,2
62028,6,2
62034,6,2
62040,6,2
62046,6,2
62052,6,2
62058,6,2
62064,6,2
62070,6,2
62076,6,2
62082,6,2
62088,6,2
62094,6,2
62100,6,2
62106,6,2
62112,6,2
62118,6,2
62124,6,2
62130,6,2
62136,6,2
62142,6,2
62148,6,2
62154,6,2
62160,6,2
62166,6,2
62172,6,2
62178,6,2
62184,6,2
62190,6,2
62196,6,2
62202,6,2
62208,6,2
62214,6,2
62220,6,2
62226,6,2
62232,6,2
62238,6,2
62244,6,2
62250,6,2
62256,6,2
62262,6,2
62268,6,2
62274,6,2
62280,6,2
62286,6,2
62292,6,2
62298,6,2
62304,6,2
62310,6,2
62316,6,2
62322,6,2
62328,6,2
62334,6,2
62340,6,2
62346,6,2
62352,6,2
62358,6,2
62364,6,2
62370,6,2
62376,6,2
62382,6,2
62388,6,2
62394,6,2
62400,6,2
62406,6,2
62412,6,2
62418,6,2
62424,6,2
62430,6,2
62436,6,2
62442,6,2
62448,6,2
62454,6,2
62460,6,2
62466,6,2
62472,6,2
62478,6,2
62484,6,2
62490,6,2
62496,6,2
62502,6,2
62508,6,2
62514,6,2
62520,6,2
62526,6,2
62532,6,2
62538,6,2
62544,6,2
62550,6,2
62556,6,2
62562,6,2
62568,6,2
62574,6,2
62580,6,2
62586,6,2
62592,6,2
62598,6,2
62604,6,2
62610,6,2
62616,6,2
62622,6,2
62628,6,2
62634,6,2
62640,6,2
62646,6,2
62652,6,2
62658,6,2
62664,6,2
62670,6,2
62676,6,2
62682,6,2
62688,6,2
62694,6,2
62700,6,2
62706,6,2
62712,6,2
62718,6,2
62724,6,2
62730,6,2
62736,6,2
62742,6,2
62748,6,2
62754,6,2
62760,6,2
62766,6,2
62772,6,2
62778,6,2
62784,6,2
62790,6,2
62796,6,2
62802,6,2
62808,6,2
62814,6,2
62820,6,2
62826,6,2
62832,6,2
62838,6,2
62844,6,2
62850,6,2
62856,6,2
62862,6,2
62868,6,2
62874,6,2
62880,6,2
62886,6,2
62892,6,2
62898,6,2
62904,6,2
62910,6,2
62916,6,2
62922,6,2
62928,6,2
62934,6,2
62940,6,2
62946,6,2
62952,6,2
62958,6,2
62964,6,2
62970,6,2
62976,6,2
62982,6,2
62988,6,2
62994,6,2
63000,6,2
63006,6,2
63012,6,2
63018,6,2
63024,6,2
63030,6,2
63036,6,2
63042,6,2
63048,6,2
63054,6,2
63060,6,2
63066,6,2
63072,6,2
63078,6,2
63084,6,2
63090,6,2
63096,6,2
63102,6,2
63108,6,2
63114,6,2
63120,6,2
63126,6,2
63132,6,2
63138,6,2
63144,6,2
63150,6,2
63156,6,2
63162,6,2
63168,6,2
63174,6,2
63180,6,2
63186,6,2
63192,6,2
63198,6,2
63204,6,2
63210,6,2
63216,6,2
63222,6,2
63228,6,2
63234,6,2
63240,6,2
63246,6,2
63252,6,2
63258,6,2
63264,6,2
63270,6,2
63276,6,2
63282,6,2
63288,6,2
63294,6,2
63300,6,2
63306,6,2
63312,6,2
63318,6,2
63324,6,2
63330,6,2
63336,6,2
63342,6,2
63348,6,2
63354,6,2
63360,6,2
63366,6,2
63372,6,2
63378,6,2
63384,6,2
63390,6,2
63396,6,2
63402,6,2
63408,6,2
63414,6,2
63420,6,2
63426,6,2
63432,6,2
63438,6,2
63444,6,2
63450,6,2
63456,6,2
63462,6,2
63468,6,2
63474,6,2
63480,6,2
63486,6,2
63492,6,2
63498,6,2
63504,6,2
63510,6,2
63516,6,2
63522,6,2
63528,6,2
63534,6,2
63540,6,2
63546,6,2
63552,6,2
63558,6,2
63564,6,2
63570,6,2
63576,6,2
63582,6,2
63588,6,2
63594,6,2
63600,6,2
63606,6,2
63612,6,2
63618,6,2
63624,6,2
63630,6,2
63636,6,2
63642,6,2
63648,6,2
63654,6,2
63660,6,2
63666,6,2
63672,6,2
63678,6,2
63684,6,2
63690,6,2
63696,6,2
63702,6,2
63708,6,2
63714,6,2
63720,6,2
63726,6,2
63732,6,2
63738,6,2
63744,6,2
63750,6,2
63756,6,2
63762,6,2
63768,6,2
63774,6,2
63780,6,2
63786,6,2
63792,6,2
63798,6,2
63804,6,2
63810,6,2
63816,6,2
63822,6,2
63828,6,2
63834,6,2
63840,6,2
63846,6,2
63852,6,2
63858,6,2
63864,6,2
63870,6,2
63876,6,2
63882,6,2
63888,6,2
63894,6,2
63900,6,2
63906,6,2
63912,6,2
63918,6,2
63924,6,2
63930,6,2
63936,6,2
63942,6,2
63948,6,2
63954,6,2
63960,6,2
63966,6,2
63972,6,2
63978,6,2
63984,6,2
63990,6,2
63996,6,2
64002,6,2
64008,6,2
64014,6,2
64020,6,2
64026,6,2
64032,6,2
64038,6,2
64044,6,2
64050,6,2
64056,6,2
64062,6,2
64068,6,2
64074,6,2
64080,6,2
64086,6,2
64092,6,2
64098,6,2
64104,6,2
64110,6,2
64116,6,2
64122,6,2
64128,6,2
64134,6,2
64140,6,2
64146,6,2
64152,6,2
64158,6,2
64164,6,2
64170,6,2
64176,6,2
64182,6,2
64188,6,2
64194,6,2
64200,6,2
64206,6,2
64212,6,2
64218,6,2
64224,6,2
64230,6,2
64236,6,2
64242,6,2
64248,6,2
64254,6,2
64260,6,2
64266,6,2
64272,6,2
64278,6,2
64284,6,2
64290,6,2
64296,6,2
64302,6,2
64308,6,2
64314,6,2
64320,6,2
64326,6,2
64332,6,2
64338,6,2
64344,6,2
64350,6,2
64356,6,2
64362,6,2
64368,6,2
64374,6,2
64380,6,2
64386,6,2
64392,6,2
64398,6,2
64404,6,2
64410,6,2
64416,6,2
64422,6,2
64428,6,2
64434,6,2
64440,6,2
64446,6,2
64452,6,2
64458,6,2
64464,6,2
64470,6,2
64476,6,2
64482,6,2
64488,6,2
64494,6,2
64500,6,2
64506,6,2
64512,6,2
64518,6,2
64524,6,2
64530,6,2
64536,6,2
64542,6,2
64548,6,2
64554,6,2
64560,6,2
64566,6,2
64572,6,2
64578,6,2
64584,6,2
64590,6,2
64596,6,2
64602,6,2
64608,6,2
64614,6,2
64620,6,2
64626,6,2
64632,6,2
64638,6,2
64644,6,2
64650,6,2
64656,6,2
64662,6,2
64668,6,2
64674,6,2
64680,6,2
64686,6,2
64692,6,2
64698,6,2
64704,6,2
64710,6,2
64716,6,2
64722,6,2
64728,6,2
64734,6,2
64740,6,2
64746,6,2
64752,6,2
64758,6,2
64764,6,2
64770,6,2
64776,6,2
64782,6,2
64788,6,2
64794,6,2
64800,6,2
64806,6,2
64812,6,2
64818,6,2
64824,6,2
64830,6,2
64836,6,2
64842,6,2
64848,6,2
64854,6,2
64860,6,2
64866,6,2
64872,6,2
64878,6,2
64884,6,2
64890,6,2
64896,6,2
64902,6,2
64908,6,2
64914,6,2
64920,6,2
64926,6,2
64932,6,2
64938,6,2
64944,6,2
64950,6,2
64956,6,2
64962,6,2
64968,6,2
64974,6,2
64980,6,2
64986,6,2
64992,6,2
64998,6,2
65004,6,2
65010,6,2
65016,6,2
65022,6,2
65028,6,2
65034,6,2
65040,6,2
65046,6,2
65052,6,2
65058,6,2
65064,6,2
65070,6,2
65076,6,2
65082,6,2
65088,6,2
65094,6,2
65100,6,2
65106,6,2
65112,6,2
65118,6,2
65124,6,2
65130,6,2
65136,6,2
65142,6,2
65148,6,2
65154,6,2
65160,6,2
65166,6,2
65172,6,2
65178,6,2
65184,6,2
65190,6,2
65196,6,2
65202,6,2
65208,6,2
65214,6,2
65220,6,2
65226,6,2
65232,6,2
65238,6,2
65244,6,2
65250,6,2
65256,6,2
65262,6,2
65268,6,2
65274,6,2
65280,6,2
65286,6,2
65292,6,2
65298,6,2
65304,6,2
65310,6,2
65316,6,2
65322,6,2
65328,6,2
65334,6,2
65340,6,2
65346,6,2
65352,6,2
65358,6,2
65364,6,2
65370,6,2
65376,6,2
65382,6,2
65388,6,2
65394,6,2
65400,6,2
65406,6,2
65412,6,2
65418,6,2
65424,6,2
65430,6,2
65436,6,2
65442,6,2
65448,6,2
65454,6,2
65460,6,2
65466,6,2
65472,6,2
65478,6,2
65484,6,2
65490,6,2
65496,6,2
65502,6,2
65508,6,2
65514,6,2
65520,6,2
65526,6,2
65532,6,2
65538,6,2
65544,6,2
65550,6,2
65556,6,2
65562,6,2
65568,6,2
65574,6,2
65580,6,2
65586,6,2
65592,6,2
65598,6,2
65604,6,2
65610,6,2
65616,6,2
65622,6,2
65628,6,2
65634,6,2
65640,6,2
65646,6,2
65652,6,2
65658,6,2
65664,6,2
65670,6,2
65676,6,2
65682,6,2
65688,6,2
65694,6,2
65700,6,2
65706,6,2
65712,6,2
65718,6,2
65724,6,2
65730,6,2
65736,6,2
65742,6,2
65748,6,2
65754,6,2
65760,6,2
65766,6,2
65772,6,2
65778,6,2
65784,6,2
65790,6,2
65796,6,2
65802,6,2
65808,6,2
65814,6,2
65820,6,2
65826,6,2
65832,6,2
65838,6,2
65844,6,2
65850,6,2
65856,6,2
65862,6,2
65868,6,2
65874,6,2
65880,6,2
65886,6,2
65892,6,2
65898,6,2
65904,6,2
65910,6,2
65916,6,2
65922,6,2
65928,6,2
65934,6,2
65940,6,2
65946,6,2
65952,6,2
65958,6,2
65964,6,2
65970,6,2
65976,6,2
65982,6,2
65988,6,2
65994,6,2
66000,6,2
66006,6,2
66012,6,2
66018,6,2
66024,6,2
66030,6,2
66036,6,2
66042,6,2
66048,6,2
66054,6,2
66060,6,2
66066,6,2
66072,6,2
66078,6,2
66084,6,2
66090,6,2
66096,6,2
66102,6,2
66108,6,2
66114,6,2
66120,6,2
66126,6,2
66132,6,2
66138,6,2
66144,6,2
66150,6,2
66156,6,2
66162,6,2
66168,6,2
66174,6,2
66180,6,2
66186,6,2
66192,6,2
66198,6,2
66204,6,2
66210,6,2
66216,6,2
66222,6,2
66228,6,2
66234,6,2
66240,6,2
66246,6,2
66252,6,2
66258,6,2
66264,6,2
66270,6,2
66276,6,2
66282,6,2
66288,6,2
66294,6,2
66300,6,2
66306,6,2
66312,6,2
66318,6,2
66324,6,2
66330,6,2
66336,6,2
66342,6,2
66348,6,2
66354,6,2
66360,6,2
66366,6,2
66372,6,2
66378,6,2
66384,6,2
66390,6,2
66396,6,2
66402,6,2
66408,6,2
66414,6,2
66420,6,2
66426,6,2
66432,6,2
66438,6,2
66444,6,2
66450,6,2
66456,6,2
66462,6,2
66468,6,2
66474,6,2
66480,6,2
66486,6,2
66492,6,2
66498,6,2
66504,6,2
66510,6,2
66516,6,2
66522,6,2
66528,6,2
66534,6,2
66540,6,2
66546,6,2
66552,6,2
66558,6,2
66564,6,2
66570,6,2
66576,6,2
66582,6,2
66588,6,2
66594,6,2
66600,6,2
66606,6,2
66612,6,2
66618,6,2
66624,6,2
66630,6,2
66636,6,2
66642,6,2
66648,6,2
66654,6,2
66660,6,2
66666,6,2
66672,6,2
66678,6,2
66684,6,2
66690,6,2
66696,6,2
66702,6,2
66708,6,2
66714,6,2
66720,6,2
66726,6,2
66732,6,2
66738,6,2
66744,6,2
66750,6,2
66756,6,2
66762,6,2
66768,6,2
66774,6,2
66780,6,2
66786,6,2
66792,6,2
66798,6,2
66804,6,2
66810,6,2
66816,6,2
66822,6,2
66828,6,2
66834,6,2
66840,6,2
66846,6,2
66852,6,2
66858,6,2
66864,6,2
66870,6,2
66876,6,2
66882,6,2
66888,6,2
66894,6,2
66900,6,2
66906,6,2
66912,6,2
66918,6,2
66924,6,2
66930,6,2
66936,6,2
66942,6,2
66948,6,2
66954,6,2
66960,6,2
66966,6,2
66972,6,2
66978,6,2
66984,6,2
66990,6,2
66996,6,2
67002,6,2
67008,6,2
67014,6,2
67020,6,2
67026,6,2
67032,6,2
67038,6,2
67044,6,2
67050,6,2
67056,6,2
67062,6,2
67068,6,2
67074,6,2
67080,6,2
67086,6,2
67092,6,2
67098,6,2
67104,6,2
67110,6,2
67116,6,2
67122,6,2
67128,6,2
67134,6,2
67140,6,2
67146,6,2
67152,6,2
67158,6,2
67164,6,2
67170,6,2
67176,6,2
67182,6,2
67188,6,2
67194,6,2
67200,6,2
67206,6,2
67212,6,2
67218,6,2
67224,6,2
67230,6,2
67236,6,2
67242,6,2
67248,6,2
67254,6,2
67260,6,2
67266,6,2
67272,6,2
67278,6,2
67284,6,2
67290,6,2
67296,6,2
67302,6,2
67308,6,2
67314,6,2
67320,6,2
67326,6,2
67332,6,2
67338,6,2
67344,6,2
67350,6,2
67356,6,2
67362,6,2
67368,6,2
67374,6,2
67380,6,2
67386,6,2
67392,6,2
67398,6,2
67404,6,2
67410,6,2
67416,6,2
67422,6,2
67428,6,2
67434,6,2
67440,6,2
67446,6,2
67452,6,2
67458,6,2
67464,6,2
67470,6,2
67476,6,2
67482,6,2
67488,6,2
67494,6,2
67500,6,2
67506,6,2
67512,6,2
67518,6,2
67524,6,2
67530,6,2
67536,6,2
67542,6,2
67548,6,2
67554,6,2
67560,6,2
67566,6,2
67572,6,2
67578,6,2
67584,6,2
67590,6,2
67596,6,2
67602,6,2
67608,6,2
67614,6,2
67620,6,2
67626,6,2
67632,6,2
67638,6,2
67644,6,2
67650,6,2
67656,6,2
67662,6,2
67668,6,2
67674,6,2
67680,6,2
67686,6,2
67692,6,2
67698,6,2
67704,6,2
67710,6,2
67716,6,2
67722,6,2
67728,6,2
67734,6,2
67740,6,2
67746,6,2
67752,6,2
67758,6,2
67764,6,2
67770,6,2
67776,6,2
67782,6,2
67788,6,2
67794,6,2
67800,6,2
67806,6,2
67812,6,2
67818,6,2
67824,6,2
67830,6,2
67836,6,2
67842,6,2
67848,6,2
67854,6,2
67860,6,2
67866,6,2
67872,6,2
67878,6,2
67884,6,2
67890,6,2
67896,6,2
67902,6,2
67908,6,2
67914,6,2
67920,6,2
67926,6,2
67932,6,2
67938,6,2
67944,6,2
67950,6,2
67956,6,2
67962,6,2
67968,6,2
67974,6,2
67980,6,2
67986,6,2
67992,6,2
67998,6,2
68004,6,2
68010,6,2
68016,6,2
68022,6,2
68028,6,2
68034,6,2
68040,6,2
68046,6,2
68052,6,2
68058,6,2
68064,6,2
68070,6,2
68076,6,2
68082,6,2
68088,6,2
68094,6,2
68100,6,2
68106,6,2
68112,6,2
68118,6,2
68124,6,2
68130,6,2
68136,6,2
68142,6,2
68148,6,2
68154,6,2
68160,6,2
68166,6,2
68172,6,2
68178,6,2
68184,6,2
68190,6,2
68196,6,2
68202,6,2
68208,6,2
68214,6,2
68220,6,2
68226,6,2
68232,6,2
68238,6,2
68244,6,2
68250,6,2
68256,6,2
68262,6,2
68268,6,2
68274,6,2
68280,6,2
68286,6,2
68292,6,2
68298,6,2
68304,6,2
68310,6,2
68316,6,2
68322,6,2
68328,6,2
68334,6,2
68340,6,2
68346,6,2
68352,6,2
68358,6,2
68364,6,2
68370,6,2
68376,6,2
68382,6,2
68388,6,2
68394,6,2
68400,6,2
68406,6,2
68412,6,2
68418,6,2
68424,6,2
68430,6,2
68436,6,2
68442,6,2
68448,6,2
68454,6,2
68460,6,2
68466,6,2
68472,6,2
68478,6,2
68484,6,2
68490,6,2
68496,6,2
68502,6,2
68508,6,2
68514,6,2
68520,6,2
68526,6,2
68532,6,2
68538,6,2
68544,6,2
68550,6,2
68556,6,2
68562,6,2
68568,6,2
68574,6,2
68580,6,2
68586,6,2
68592,6,2
68598,6,2
68604,6,2
68610,6,2
68616,6,2
68622,6,2
68628,6,2
68634,6,2
68640,6,2
68646,6,2
68652,6,2
68658,6,2
68664,6,2
68670,6,2
68676,6,2
68682,6,2
68688,6,2
68694,6,2
68700,6,2
68706,6,2
68712,6,2
68718,6,2
68724,6,2
68730,6,2
68736,6,2
68742,6,2
68748,6,2
68754,6,2
68760,6,2
68766,6,2
68772,6,2
68778,6,2
68784,6,2
68790,6,2
68796,6,2
68802,6,2
68808,6,2
68814,6,2
68820,6,2
68826,6,2
68832,6,2
68838,6,2
68844,6,2
68850,6,2
68856,6,2
68862,6,2
68868,6,2
68874,6,2
68880,6,2
68886,6,2
68892,6,2
68898,6,2
68904,6,2
68910,6,2
68916,6,2
68922,6,2
68928,6,2
68934,6,2
68940,6,2
68946,6,2
68952,6,2
68958,6,2
68964,6,2
68970,6,2
68976,6,2
68982,6,2
68988,6,2
68994,6,2
69000,6,2
69006,6,2
69012,6,2
69018,6,2
69024,6,2
69030,6,2
69036,6,2
69042,6,2
69048,6,2
69054,6,2
69060,6,2
69066,6,2
69072,6,2
69078,6,2
69084,6,2
69090,6,2
69096,6,2
69102,6,2
69108,6,2
69114,6,2
69120,6,2
69126,6,2
69132,6,2
69138,6,2
69144,6,2
69150,6,2
69156,6,2
69162,6,2
69168,6,2
69174,6,2
69180,6,2
69186,6,2
69192,6,2
69198,6,2
69204,6,2
69210,6,2
69216,6,2
69222,6,2
69228,6,2
69234,6,2
69240,6,2
69246,6,2
69252,6,2
69258,6,2
69264,6,2
69270,6,2
69276,6,2
69282,6,2
69288,6,2
69294,6,2
69300,6,2
69306,6,2
69312,6,2
69318,6,2
69324,6,2
69330,6,2
69336,6,2
69342,6,2
69348,6,2
69354,6,2
69360,6,2
69366,6,2
69372,6,2
69378,6,2
69384,6,2
69390,6,2
69396,6,2
69402,6,2
69408,6,2
69414,6,2
69420,6,2
69426,6,2
69432,6,2
69438,6,2
69444,6,2
69450,6,2
69456,6,2
69462,6,2
69468,6,2
69474,6,2
69480,6,2
69486,6,2
69492,6,2
69498,6,2
69504,6,2
69510,6,2
69516,6,2
69522,6,2
69528,6,2
69534,6,2
69540,6,2
69546,6,2
69552,6,2
69558,6,2
69564,6,2
69570,6,2
69576,6,2
69582,6,2
69588,6,2
69594,6,2
69600,6,2
69606,6,2
69612,6,2
69618,6,2
69624,6,2
69630,6,2
69636,6,2
69642,6,2
69648,6,2
69654,6,2
69660,6,2
69666,6,2
69672,6,2
69678,6,2
69684,6,2
69690,6,2
69696,6,2
69702,6,2
69708,6,2
69714,6,2
69720,6,2
69726,6,2
69732,6,2
69738,6,2
69744,6,2
69750,6,2
69756,6,2
69762,6,2
69768,6,2
69774,6,2
69780,6,2
69786,6,2
69792,6,2
69798,6,2
69804,6,2
69810,6,2
69816,6,2
69822,6,2
69828,6,2
69834,6,2
69840,6,2
69846,6,2
69852,6,2
69858,6,2
69864,6,2
69870,6,2
69876,6,2
69882,6,2
69888,6,2
69894,6,2
69900,6,2
69906,6,2
69912,6,2
69918,6,2
69924,6,2
69930,6,2
69936,6,2
69942,6,2
69948,6,2
69954,6,2
69960,6,2
69966,6,2
69972,6,2
69978,6,2
69984,6,2
69990,6,2
69996,6,2
70002,6,2
70008,6,2
70014,6,2
70020,6,2
70026,6,2
70032,6,2
70038,6,2
70044,6,2
70050,6,2
70056,6,2
70062,6,2
70068,6,2
70074,6,2
70080,6,2
70086,6,2
70092,6,2
70098,6,2
70104,6,2
70110,6,2
70116,6,2
70122,6,2
70128,6,2
70134,6,2
70140,6,2
70146,6,2
70152,6,2
70158,6,2
70164,6,2
70170,6,2
70176,6,2
70182,6,2
70188,6,2
70194,6,2
70200,6,2
70206,6,2
70212,6,2
70218,6,2
70224,6,2
70230,6,2
70236,6,2
70242,6,2
70248,6,2
70254,6,2
70260,6,2
70266,6,2
70272,6,2
70278,6,2
70284,6,2
70290,6,2
70296,6,2
70302,6,2
70308,6,2
70314,6,2
70320,6,2
70326,6,2
70332,6,2
70338,6,2
70344,6,2
70350,6,2
70356,6,2
70362,6,2
70368,6,2
70374,6,2
70380,6,2
70386,6,2
70392,6,2
70398,6,2
70404,6,2
70410,6,2
70416,6,2
70422,6,2
70428,6,2
70434,6,2
70440,6,2
70446,6,2
70452,6,2
70458,6,2
70464,6,2
70470,6,2
70476,6,2
70482,6,2
70488,6,2
70494,6,2
70500,6,2
70506,6,2
70512,6,2
70518,6,2
70524,6,2
70530,6,2
70536,6,2
70542,6,2
70548,6,2
70554,6,2
70560,6,2
70566,6,2
70572,6,2
70578,6,2
70584,6,2
70590,6,2
70596,6,2
70602,6,2
70608,6,2
70614,6,2
70620,6,2
70626,6,2
70632,6,2
70638,6,2
70644,6,2
70650,6,2
70656,6,2
70662,6,2
70668,6,2
70674,6,2
70680,6,2
70686,6,2
70692,6,2
70698,6,2
70704,6,2
70710,6,2
70716,6,2
70722,6,2
70728,6,2
70734,6,2
70740,6,2
70746,6,2
70752,6,2
70758,6,2
70764,6,2
70770,6,2
70776,6,2
70782,6,2
70788,6,2
70794,6,2
70800,6,2
70806,6,2
70812,6,2
70818,6,2
70824,6,2
70830,6,2
70836,6,2
70842,6,2
70848,6,2
70854,6,2
70860,6,2
70866,6,2
70872,6,2
70878,6,2
70884,6,2
70890,6,2
70896,6,2
70902,6,2
70908,6,2
70914,6,2
70920,6,2
70926,6,2
70932,6,2
70938,6,2
70944,6,2
70950,6,2
70956,6,2
70962,6,2
70968,6,2
70974,6,2
70980,6,2
70986,6,2
70992,6,2
70998,6,2
71004,6,2
71010,6,2
71016,6,2
71022,6,2
71028,6,2
71034,6,2
71040,6,2
71046,6,2
71052,6,2
71058,6,2
71064,6,2
71070,6,2
71076,6,2
71082,6,2
71088,6,2
71094,6,2
71100,6,2
71106,6,2
71112,6,2
71118,6,2
71124,6,2
71130,6,2
71136,6,2
71142,6,2
71148,6,2
71154,6,2
71160,6,2
71166,6,2
71172,6,2
71178,6,2
71184,6,2
71190,6,2
71196,6,2
71202,6,2
71208,6,2
71214,6,2
71220,6,2
71226,6,2
71232,6,2
71238,6,2
71244,6,2
71250,6,2
71256,6,2
71262,6,2
71268,6,2
71274,6,2
71280,6,2
71286,6,2
71292,6,2
71298,6,2
71304,6,2
71310,6,2
71316,6,2
71322,6,2
71328,6,2
71334,6,2
71340,6,2
71346,6,2
71352,6,2
71358,6,2
71364,6,2
71370,6,2
71376,6,2
71382,6,2
71388,6,2
71394,6,2
71400,6,2
71406,6,2
71412,6,2
71418,6,2
71424,6,2
71430,6,2
71436,6,2
71442,6,2
71448,6,2
71454,6,2
71460,6,2
71466,6,2
71472,6,2
71478,6,2
71484,6,2
71490,6,2
71496,6,2
71502,6,2
71508,6,2
71514,6,2
71520,6,2
71526,6,2
71532,6,2
71538,6,2
71544,6,2
71550,6,2
71556,6,2
71562,6,2
71568,6,2
71574,6,2
71580,6,2
71586,6,2
71592,6,2
71598,6,2
71604,6,2
71610,6,2
71616,6,2
71622,6,2
71628,6,2
71634,6,2
71640,6,2
71646,6,2
71652,6,2
71658,6,2
71664,6,2
71670,6,2
71676,6,2
71682,6,2
71688,6,2
71694,6,2
71700,6,2
71706,6,2
71712,6,2
71718,6,2
71724,6,2
71730,6,2
71736,6,2
71742,6,2
71748,6,2
71754,6,2
71760,6,2
71766,6,2
71772,6,2
71778,6,2
71784,6,2
71790,6,2
71796,6,2
71802,6,2
71808,6,2
71814,6,2
71820,6,2
71826,6,2
71832,6,2
71838,6,2
71844,6,2
71850,6,2
71856,6,2
71862,6,2
71868,6,2
71874,6,2
71880,6,2
71886,6,2
71892,6,2
71898,6,2
71904,6,2
71910,6,2
71916,6,2
71922,6,2
71928,6,2
71934,6,2
71940,6,2
71946,6,2
71952,6,2
71958,6,2
71964,6,2
71970,6,2
71976,6,2
71982,6,2
71988,6,2
71994,6,2
72000,6,2
72006,6,2
72012,6,2
72018,6,2
72024,6,2
72030,6,2
72036,6,2
72042,6,2
72048,6,2
72054,6,2
72060,6,2
72066,6,2
72072,6,2
72078,6,2
72084,6,2
72090,6,2
72096,6,2
72102,6,2
72108,6,2
72114,6,2
72120,6,2
72126,6,2
72132,6,2
72138,6,2
72144,6,2
72150,6,2
72156,6,2
72162,6,2
72168,6,2
72174,6,2
72180,6,2
72186,6,2
72192,6,2
72198,6,2
72204,6,2
72210,6,2
72216,6,2
72222,6,2
72228,6,2
72234,6,2
72240,6,2
72246,6,2
72252,6,2
72258,6,2
72264,6,2
72270,6,2
72276,6,2
72282,6,2
72288,6,2
72294,6,2
72300,6,2
72306,6,2
72312,6,2
72318,6,2
72324,6,2
72330,6,2
72336,6,2
72342,6,2
72348,6,2
72354,6,2
72360,6,2
72366,6,2
72372,6,2
72378,6,2
72384,6,2
72390,6,2
72396,6,2
72402,6,2
72408,6,2
72414,6,2
72420,6,2
72426,6,2
72432,6,2
72438,6,2
72444,6,2
72450,6,2
72456,6,2
72462,6,2
72468,6,2
72474,6,2
72480,6,2
72486,6,2
72492,6,2
72498,6,2
72504,6,2
72510,6,2
72516,6,2
72522,6,2
72528,6,2
72534,6,2
72540,6,2
72546,6,2
72552,6,2
72558,6,2
72564,6,2
72570,6,2
72576,6,2
72582,6,2
72588,6,2
72594,6,2
72600,6,2
72606,6,2
72612,6,2
72618,6,2
72624,6,2
72630,6,2
72636,6,2
72642,6,2
72648,6,2
72654,6,2
72660,6,2
72666,6,2
72672,6,2
72678,6,2
72684,6,2
72690,6,2
72696,6,2
72702,6,2
72708,6,2
72714,6,2
72720,6,2
72726,6,2
72732,6,2
72738,6,2
72744,6,2
72750,6,2
72756,6,2
72762,6,2
72768,6,2
72774,6,2
72780,6,2
72786,6,2
72792,6,2
72798,6,2
72804,6,2
72810,6,2
72816,6,2
72822,6,2
72828,6,2
72834,6,2
72840,6,2
72846,6,2
72852,6,2
72858,6,2
72864,6,2
72870,6,2
72876,6,2
72882,6,2
72888,6,2
72894,6,2
72900,6,2
72906,6,2
72912,6,2
72918,6,2
72924,6,2
72930,6,2
72936,6,2
72942,6,2
72948,6,2
72954,6,2
72960,6,2
72966,6,2
72972,6,2
72978,6,2
72984,6,2
72990,6,2
72996,6,2
73002,6,2
73008,6,2
73014,6,2
73020,6,2
73026,6,2
73032,6,2
73038,6,2
73044,6,2
73050,6,2
73056,6,2
73062,6,2
73068,6,2
73074,6,2
73080,6,2
73086,6,2
73092,6,2
73098,6,2
73104,6,2
73110,6,2
73116,6,2
73122,6,2
73128,6,2
73134,6,2
73140,6,2
73146,6,2
73152,6,2
73158,6,2
73164,6,2
73170,6,2
73176,6,2
73182,6,2
73188,6,2
73194,6,2
73200,6,2
73206,6,2
73212,6,2
73218,6,2
73224,6,2
73230,6,2
73236,6,2
73242,6,2
73248,6,2
73254,6,2
73260,6,2
73266,6,2
73272,6,2
73278,6,2
73284,6,2
73290,6,2
73296,6,2
73302,6,2
73308,6,2
73314,6,2
73320,6,2
73326,6,2
73332,6,2
73338,6,2
73344,6,2
73350,6,2
73356,6,2
73362,6,2
73368,6,2
73374,6,2
73380,6,2
73386,6,2
73392,6,2
73398,6,2
73404,6,2
73410,6,2
73416,6,2
73422,6,2
73428,6,2
73434,6,2
73440,6,2
73446,6,2
73452,6,2
73458,6,2
73464,6,2
73470,6,2
73476,6,2
73482,6,2
73488,6,2
73494,6,2
73500,6,2
73506,6,2
73512,6,2
73518,6,2
73524,6,2
73530,6,2
73536,6,2
73542,6,2
73548,6,2
73554,6,2
73560,6,2
73566,6,2
73572,6,2
73578,6,2
73584,6,2
73590,6,2
73596,6,2
73602,6,2
73608,6,2
73614,6,2
73620,6,2
73626,6,2
73632,6,2
73638,6,2
73644,6,2
73650,6,2
73656,6,2
73662,6,2
73668,6,2
73674,6,2
73680,6,2
73686,6,2
73692,6,2
73698,6,2
73704,6,2
73710,6,2
73716,6,2
73722,6,2
73728,6,2
73734,6,2
73740,6,2
73746,6,2
73752,6,2
73758,6,2
73764,6,2
73770,6,2
73776,6,2
73782,6,2
73788,6,2
73794,6,2
73800,6,2
73806,6,2
73812,6,2
73818,6,2
73824,6,2
73830,6,2
73836,6,2
73842,6,2
73848,6,2
73854,6,2
73860,6,2
73866,6,2
73872,6,2
73878,6,2
73884,6,2
73890,6,2
73896,6,2
73902,6,2
73908,6,2
73914,6,2
73920,6,2
73926,6,2
73932,6,2
73938,6,2
73944,6,2
73950,6,2
73956,6,2
73962,6,2
73968,6,2
73974,6,2
73980,6,2
73986,6,2
73992,6,2
73998,6,2
74004,6,2
74010,6,2
74016,6,2
74022,6,2
74028,6,2
74034,6,2
74040,6,2
74046,6,2
74052,6,2
74058,6,2
74064,6,2
74070,6,2
74076,6,2
74082,6,2
74088,6,2
74094,6,2
74100,6,2
74106,6,2
74112,6,2
74118,6,2
74124,6,2
74130,6,2
74136,6,2
74142,6,2
74148,6,2
74154,6,2
74160,6,2
74166,6,2
74172,6,2
74178,6,2
74184,6,2
74190,6,2
74196,6,2
74202,6,2
74208,6,2
74214,6,2
74220,6,2
74226,6,2
74232,6,2
74238,6,2
74244,6,2
74250,6,2
74256,6,2
74262,6,2
74268,6,2
74274,6,2
74280,6,2
74286,6,2
74292,6,2
74298,6,2
74304,6,2
74310,6,2
74316,6,2
74322,6,2
74328,6,2
74334,6,2
74340,6,2
74346,6,2
74352,6,2
74358,6,2
74364,6,2
74370,6,2
74376,6,2
74382,6,2
74388,6,2
74394,6,2
74400,6,2
74406,6,2
74412,6,2
74418,6,2
74424,6,2
74430,6,2
74436,6,2
74442,6,2
74448,6,2
74454,6,2
74460,6,2
74466,6,2
74472,6,2
74478,6,2
74484,6,2
74490,6,2
74496,6,2
74502,6,2
74508,6,2
74514,6,2
74520,6,2
74526,6,2
74532,6,2
74538,6,2
74544,6,2
74550,6,2
74556,6,2
74562,6,2
74568,6,2
74574,6,2
74580,6,2
74586,6,2
74592,6,2
74598,6,2
74604,6,2
74610,6,2
74616,6,2
74622,6,2
74628,6,2
74634,6,2
74640,6,2
74646,6,2
74652,6,2
74658,6,2
74664,6,2
74670,6,2
74676,6,2
74682,6,2
74688,6,2
74694,6,2
74700,6,2
74706,6,2
74712,6,2
74718,6,2
74724,6,2
74730,6,2
74736,6,2
74742,6,2
74748,6,2
74754,6,2
74760,6,2
74766,6,2
74772,6,2
74778,6,2
74784,6,2
74790,6,2
74796,6,2
74802,6,2
74808,6,2
74814,6,2
74820,6,2
74826,6,2
74832,6,2
74838,6,2
74844,6,2
74850,6,2
74856,6,2
74862,6,2
74868,6,2
74874,6,2
74880,6,2
74886,6,2
74892,6,2
74898,6,2
74904,6,2
74910,6,2
74916,6,2
74922,6,2
74928,6,2
74934,6,2
74940,6,2
74946,6,2
74952,6,2
74958,6,2
74964,6,2
74970,6,2
74976,6,2
74982,6,2
74988,6,2
74994,6,2
75000,6,2
75006,6,2
75012,6,2
75018,6,2
75024,6,2
75030,6,2
75036,6,2
75042,6,2
75048,6,2
75054,6,2
75060,6,2
75066,6,2
75072,6,2
75078,6,2
75084,6,2
75090,6,2
75096,6,2
75102,6,2
75108,6,2
75114,6,2
75120,6,2
75126,6,2
75132,6,2
75138,6,2
75144,6,2
75150,6,2
75156,6,2
75162,6,2
75168,6,2
75174,6,2
75180,6,2
75186,6,2
75192,6,2
75198,6,2
75204,6,2
75210,6,2
75216,6,2
75222,6,2
75228,6,2
75234,6,2
75240,6,2
75246,6,2
75252,6,2
75258,6,2
75264,6,2
75270,6,2
75276,6,2
75282,6,2
75288,6,2
75294,6,2
75300,6,2
75306,6,2
75312,6,2
75318,6,2
75324,6,2
75330,6,2
75336,6,2
75342,6,2
75348,6,2
75354,6,2
75360,6,2
75366,6,2
75372,6,2
75378,6,2
75384,6,2
75390,6,2
75396,6,2
75402,6,2
75408,6,2
75414,6,2
75420,6,2
75426,6,2
75432,6,2
75438,6,2
75444,6,2
75450,6,2
75456,6,2
75462,6,2
75468,6,2
75474,6,2
75480,6,2
75486,6,2
75492,6,2
75498,6,2
75504,6,2
75510,6,2
75516,6,2
75522,6,2
75528,6,2
75534,6,2
75540,6,2
75546,6,2
75552,6,2
75558,6,2
75564,6,2
75570,6,2
75576,6,2
75582,6,2
75588,6,2
75594,6,2
75600,6,2
75606,6,2
75612,6,2
75618,6,2
75624,6,2
75630,6,2
75636,6,2
75642,6,2
75648,6,2
75654,6,2
75660,6,2
75666,6,2
75672,6,2
75678,6,2
75684,6,2
75690,6,2
75696,6,2
75702,6,2
75708,6,2
75714,6,2
75720,6,2
75726,6,2
75732,6,2
75738,6,2
75744,6,2
75750,6,2
75756,6,2
75762,6,2
75768,6,2
75774,6,2
75780,6,2
75786,6,2
75792,6,2
75798,6,2
75804,6,2
75810,6,2
75816,6,2
75822,6,2
75828,6,2
75834,6,2
75840,6,2
75846,6,2
75852,6,2
75858,6,2
75864,6,2
75870,6,2
75876,6,2
75882,6,2
75888,6,2
75894,6,2
75900,6,2
75906,6,2
75912,6,2
75918,6,2
75924,6,2
75930,6,2
75936,6,2
75942,6,2
75948,6,2
75954,6,2
75960,6,2
75966,6,2
75972,6,2
75978,6,2
75984,6,2
75990,6,2
75996,6,2
76002,6,2
76008,6,2
76014,6,2
76020,6,2
76026,6,2
76032,6,2
76038,6,2
76044,6,2
76050,6,2
76056,6,2
76062,6,2
76068,6,2
76074,6,2
76080,6,2
76086,6,2
76092,6,2
76098,6,2
76104,6,2
76110,6,2
76116,6,2
76122,6,2
76128,6,2
76134,6,2
76140,6,2
76146,6,2
76152,6,2
76158,6,2
76164,6,2
76170,6,2
76176,6,2
76182,6,2
76188,6,2
76194,6,2
76200,6,2
76206,6,2
76212,6,2
76218,6,2
76224,6,2
76230,6,2
76236,6,2
76242,6,2
76248,6,2
76254,6,2
76260,6,2
76266,6,2
76272,6,2
76278,6,2
76284,6,2
76290,6,2
76296,6,2
76302,6,2
76308,6,2
76314,6,2
76320,6,2
76326,6,2
76332,6,2
76338,6,2
76344,6,2
76350,6,2
76356,6,2
76362,6,2
76368,6,2
76374,6,2
76380,6,2
76386,6,2
76392,6,2
76398,6,2
76404,6,2
76410,6,2
76416,6,2
76422,6,2
76428,6,2
76434,6,2
76440,6,2
76446,6,2
76452,6,2
76458,6,2
76464,6,2
76470,6,2
76476,6,2
76482,6,2
76488,6,2
76494,6,2
76500,6,2
76506,6,2
76512,6,2
76518,6,2
76524,6,2
76530,6,2
76536,6,2
76542,6,2
76548,6,2
76554,6,2
76560,6,2
76566,6,2
76572,6,2
76578,6,2
76584,6,2
76590,6,2
76596,6,2
76602,6,2
76608,6,2
76614,6,2
76620,6,2
76626,6,2
76632,6,2
76638,6,2
76644,6,2
76650,6,2
76656,6,2
76662,6,2
76668,6,2
76674,6,2
76680,6,2
76686,6,2
76692,6,2
76698,6,2
76704,6,2
76710,6,2
76716,6,2
76722,6,2
76728,6,2
76734,6,2
76740,6,2
76746,6,2
76752,6,2
76758,6,2
76764,6,2
76770,6,2
76776,6,2
76782,6,2
76788,6,2
76794,6,2
76800,6,2
76806,6,2
76812,6,2
76818,6,2
76824,6,2
76830,6,2
76836,6,2
76842,6,2
76848,6,2
76854,6,2
76860,6,2
76866,6,2
76872,6,2
76878,6,2
76884,6,2
76890,6,2
76896,6,2
76902,6,2
76908,6,2
76914,6,2
76920,6,2
76926,6,2
76932,6,2
76938,6,2
76944,6,2
76950,6,2
76956,6,2
76962,6,2
76968,6,2
76974,6,2
76980,6,2
76986,6,2
76992,6,2
76998,6,2
77004,6,2
77010,6,2
77016,6,2
77022,6,2
77028,6,2
77034,6,2
77040,6,2
77046,6,2
77052,6,2
77058,6,2
77064,6,2
77070,6,2
77076,6,2
77082,6,2
77088,6,2
77094,6,2
77100,6,2
77106,6,2
77112,6,2
77118,6,2
77124,6,2
77130,6,2
77136,6,2
77142,6,2
77148,6,2
77154,6,2
77160,6,2
77166,6,2
77172,6,2
77178,6,2
77184,6,2
77190,6,2
77196,6,2
77202,6,2
77208,6,2
77214,6,2
77220,6,2
77226,6,2
77232,6,2
77238,6,2
77244,6,2
77250,6,2
77256,6,2
77262,6,2
77268,6,2
77274,6,2
77280,6,2
77286,6,2
77292,6,2
77298,6,2
77304,6,2
77310,6,2
77316,6,2
77322,6,2
77328,6,2
77334,6,2
77340,6,2
77346,6,2
77352,6,2
77358,6,2
77364,6,2
77370,6,2
77376,6,2
77382,6,2
77388,6,2
77394,6,2
77400,6,2
77406,6,2
77412,6,2
77418,6,2
77424,6,2
77430,6,2
77436,6,2
77442,6,2
77448,6,2
77454,6,2
77460,6,2
77466,6,2
77472,6,2
77478,6,2
77484,6,2
77490,6,2
77496,6,2
77502,6,2
77508,6,2
77514,6,2
77520,6,2
77526,6,2
77532,6,2
77538,6,2
77544,6,2
77550,6,2
77556,6,2
77562,6,2
77568,6,2
77574,6,2
77580,6,2
77586,6,2
77592,6,2
77598,6,2
77604,6,2
77610,6,2
77616,6,2
77622,6,2
77628,6,2
77634,6,2
77640,6,2
77646,6,2
77652,6,2
77658,6,2
77664,6,2
77670,6,2
77676,6,2
77682,6,2
77688,6,2
77694,6,2
77700,6,2
77706,6,2
77712,6,2
77718,6,2
77724,6,2
77730,6,2
77736,6,2
77742,6,2
77748,6,2
77754,6,2
77760,6,2
77766,6,2
77772,6,2
77778,6,2
77784,6,2
77790,6,2
77796,6,2
77802,6,2
77808,6,2
77814,6,2
77820,6,2
77826,6,2
77832,6,2
77838,6,2
77844,6,2
77850,6,2
77856,6,2
77862,6,2
77868,6,2
77874,6,2
77880,6,2
77886,6,2
77892,6,2
77898,6,2
77904,6,2
77910,6,2
77916,6,2
77922,6,2
77928,6,2
77934,6,2
77940,6,2
77946,6,2
77952,6,2
77958,6,2
77964,6,2
77970,6,2
77976,6,2
77982,6,2
77988,6,2
77994,6,2
78000,6,2
78006,6,2
78012,6,2
78018,6,2
78024,6,2
78030,6,2
78036,6,2
78042,6,2
78048,6,2
78054,6,2
78060,6,2
78066,6,2
78072,6,2
78078,6,2
78084,6,2
78090,6,2
78096,6,2
78102,6,2
78108,6,2
78114,6,2
78120,6,2
78126,6,2
78132,6,2
78138,6,2
78144,6,2
78150,6,2
78156,6,2
78162,6,2
78168,6,2
78174,6,2
78180,6,2
78186,6,2
78192,6,2
78198,6,2
78204,6,2
78210,6,2
78216,6,2
78222,6,2
78228,6,2
78234,6,2
78240,6,2
78246,6,2
78252,6,2
78258,6,2
78264,6,2
78270,6,2
78276,6,2
78282,6,2
78288,6,2
78294,6,2
78300,6,2
78306,6,2
78312,6,2
78318,6,2
78324,6,2
78330,6,2
78336,6,2
78342,6,2
78348,6,2
78354,6,2
78360,6,2
78366,6,2
78372,6,2
78378,6,2
78384,6,2
78390,6,2
78396,6,2
78402,6,2
78408,6,2
78414,6,2
78420,6,2
78426,6,2
78432,6,2
78438,6,2
78444,6,2
78450,6,2
78456,6,2
78462,6,2
78468,6,2
78474,6,2
78480,6,2
78486,6,2
78492,6,2
78498,6,2
78504,6,2
78510,6,2
78516,6,2
78522,6,2
78528,6,2
78534,6,2
78540,6,2
78546,6,2
78552,6,2
78558,6,2
78564,6,2
78570,6,2
78576,6,2
78582,6,2
78588,6,2
78594,6,2
78600,6,2
78606,6,2
78612,6,2
78618,6,2
78624,6,2
78630,6,2
78636,6,2
78642,6,2
78648,6,2
78654,6,2
78660,6,2
78666,6,2
78672,6,2
78678,6,2
78684,6,2
78690,6,2
78696,6,2
78702,6,2
78708,6,2
78714,6,2
78720,6,2
78726,6,2
78732,6,2
78738,6,2
78744,6,2
78750,6,2
78756,6,2
78762,6,2
78768,6,2
78774,6,2
78780,6,2
78786,6,2
78792,6,2
78798,6,2
78804,6,2
78810,6,2
78816,6,2
78822,6,2
78828,6,2
78834,6,2
78840,6,2
78846,6,2
78852,6,2
78858,6,2
78864,6,2
78870,6,2
78876,6,2
78882,6,2
78888,6,2
78894,6,2
78900,6,2
78906,6,2
78912,6,2
78918,6,2
78924,6,2
78930,6,2
78936,6,2
78942,6,2
78948,6,2
78954,6,2
78960,6,2
78966,6,2
78972,6,2
78978,6,2
78984,6,2
78990,6,2
78996,6,2
79002,6,2
79008,6,2
79014,6,2
79020,6,2
79026,6,2
79032,6,2
79038,6,2
79044,6,2
79050,6,2
79056,6,2
79062,6,2
79068,6,2
79074,6,2
79080,6,2
79086,6,2
79092,6,2
79098,6,2
79104,6,2
79110,6,2
79116,6,2
79122,6,2
79128,6,2
79134,6,2
79140,6,2
79146,6,2
79152,6,2
79158,6,2
79164,6,2
79170,6,2
79176,6,2
79182,6,2
79188,6,2
79194,6,2
79200,6,2
79206,6,2
79212,6,2
79218,6,2
79224,6,2
79230,6,2
79236,6,2
79242,6,2
79248,6,2
79254,6,2
79260,6,2
79266,6,2
79272,6,2
79278,6,2
79284,6,2
79290,6,2
79296,6,2
79302,6,2
79308,6,2
79314,6,2
79320,6,2
79326,6,2
79332,6,2
79338,6,2
79344,6,2
79350,6,2
79356,6,2
79362,6,2
79368,6,2
79374,6,2
79380,6,2
79386,6,2
79392,6,2
79398,6,2
79404,6,2
79410,6,2
79416,6,2
79422,6,2
79428,6,2
79434,6,2
79440,6,2
79446,6,2
79452,6,2
79458,6,2
79464,6,2
79470,6,2
79476,6,2
79482,6,2
79488,6,2
79494,6,2
79500,6,2
79506,6,2
79512,6,2
79518,6,2
79524,6,2
79530,6,2
79536,6,2
79542,6,2
79548,6,2
79554,6,2
79560,6,2
79566,6,2
79572,6,2
79578,6,2
79584,6,2
79590,6,2
79596,6,2
79602,6,2
79608,6,2
79614,6,2
79620,6,2
79626,6,2
79632,6,2
79638,6,2
79644,6,2
79650,6,2
79656,6,2
79662,6,2
79668,6,2
79674,6,2
79680,6,2
79686,6,2
79692,6,2
79698,6,2
79704,6,2
79710,6,2
79716,6,2
79722,6,2
79728,6,2
79734,6,2
79740,6,2
79746,6,2
79752,6,2
79758,6,2
79764,6,2
79770,6,2
79776,6,2
79782,6,2
79788,6,2
79794,6,2
79800,6,2
79806,6,2
79812,6,2
79818,6,2
79824,6,2
79830,6,2
79836,6,2
79842,6,2
79848,6,2
79854,6,2
79860,6,2
79866,6,2
79872,6,2
79878,6,2
79884,6,2
79890,6,2
79896,6,2
79902,6,2
79908,6,2
79914,6,2
79920,6,2
79926,6,2
79932,6,2
79938,6,2
79944,6,2
79950,6,2
79956,6,2
79962,6,2
79968,6,2
79974,6,2
79980,6,2
79986,6,2
79992,6,2
79998,6,2
80004,6,2
80010,6,2
80016,6,2
80022,6,2
80028,6,2
80034,6,2
80040,6,2
80046,6,2
80052,6,2
80058,6,2
80064,6,2
80070,6,2
80076,6,2
80082,6,2
80088,6,2
80094,6,2
80100,6,2
80106,6,2
80112,6,2
80118,6,2
80124,6,2
80130,6,2
80136,6,2
80142,6,2
80148,6,2
80154,6,2
80160,6,2
80166,6,2
80172,6,2
80178,6,2
80184,6,2
80190,6,2
80196,6,2
80202,6,2
80208,6,2
80214,6,2
80220,6,2
80226,6,2
80232,6,2
80238,6,2
80244,6,2
80250,6,2
80256,6,2
80262,6,2
80268,6,2
80274,6,2
80280,6,2
80286,6,2
80292,6,2
80298,6,2
80304,6,2
80310,6,2
80316,6,2
80322,6,2
80328,6,2
80334,6,2
80340,6,2
80346,6,2
80352,6,2
80358,6,2
80364,6,2
80370,6,2
80376,6,2
80382,6,2
80388,6,2
80394,6,2
80400,6,2
80406,6,2
80412,6,2
80418,6,2
80424,6,2
80430,6,2
80436,6,2
80442,6,2
80448,6,2
80454,6,2
80460,6,2
80466,6,2
80472,6,2
80478,6,2
80484,6,2
80490,6,2
80496,6,2
80502,6,2
80508,6,2
80514,6,2
80520,6,2
80526,6,2
80532,6,2
80538,6,2
80544,6,2
80550,6,2
80556,6,2
80562,6,2
80568,6,2
80574,6,2
80580,6,2
80586,6,2
80592,6,2
80598,6,2
80604,6,2
80610,6,2
80616,6,2
80622,6,2
80628,6,2
80634,6,2
80640,6,2
80646,6,2
80652,6,2
80658,6,2
80664,6,2
80670,6,2
80676,6,2
80682,6,2
80688,6,2
80694,6,2
80700,6,2
80706,6,2
80712,6,2
80718,6,2
80724,6,2
80730,6,2
80736,6,2
80742,6,2
80748,6,2
80754,6,2
80760,6,2
80766,6,2
80772,6,2
80778,6,2
80784,6,2
80790,6,2
80796,6,2
80802,6,2
80808,6,2
80814,6,2
80820,6,2
80826,6,2
80832,6,2
80838,6,2
80844,6,2
80850,6,2
80856,6,2
80862,6,2
80868,6,2
80874,6,2
80880,6,2
80886,6,2
80892,6,2
80898,6,2
80904,6,2
80910,6,2
80916,6,2
80922,6,2
80928,6,2
80934,6,2
80940,6,2
80946,6,2
80952,6,2
80958,6,2
80964,6,2
80970,6,2
80976,6,2
80982,6,2
80988,6,2
80994,6,2
81000,6,2
81006,6,2
81012,6,2
81018,6,2
81024,6,2
81030,6,2
81036,6,2
81042,6,2
81048,6,2
81054,6,2
81060,6,2
81066,6,2
81072,6,2
81078,6,2
81084,6,2
81090,6,2
81096,6,2
81102,6,2
81108,6,2
81114,6,2
81120,6,2
81126,6,2
81132,6,2
81138,6,2
81144,6,2
81150,6,2
81156,6,2
81162,6,2
81168,6,2
81174,6,2
81180,6,2
81186,6,2
81192,6,2
81198,6,2
81204,6,2
81210,6,2
81216,6,2
81222,6,2
81228,6,2
81234,6,2
81240,6,2
81246,6,2
81252,6,2
81258,6,2
81264,6,2
81270,6,2
81276,6,2
81282,6,2
81288,6,2
81294,6,2
81300,6,2
81306,6,2
81312,6,2
81318,6,2
81324,6,2
81330,6,2
81336,6,2
81342,6,2
81348,6,2
81354,6,2
81360,6,2
81366,6,2
81372,6,2
81378,6,2
81384,6,2
81390,6,2
81396,6,2
81402,6,2
81408,6,2
81414,6,2
81420,6,2
81426,6,2
81432,6,2
81438,6,2
81444,6,2
81450,6,2
81456,6,2
81462,6,2
81468,6,2
81474,6,2
81480,6,2
81486,6,2
81492,6,2
81498,6,2
81504,6,2
81510,6,2
81516,6,2
81522,6,2
81528,6,2
81534,6,2
81540,6,2
81546,6,2
81552,6,2
81558,6,2
81564,6,2
81570,6,2
81576,6,2
81582,6,2
81588,6,2
81594,6,2
81600,6,2
81606,6,2
81612,6,2
81618,6,2
81624,6,2
81630,6,2
81636,6,2
81642,6,2
81648,6,2
81654,6,2
81660,6,2
81666,6,2
81672,6,2
81678,6,2
81684,6,2
81690,6,2
81696,6,2
81702,6,2
81708,6,2
81714,6,2
81720,6,2
81726,6,2
81732,6,2
81738,6,2
81744,6,2
81750,6,2
81756,6,2
81762,6,2
81768,6,2
81774,6,2
81780,6,2
81786,6,2
81792,6,2
81798,6,2
81804,6,2
81810,6,2
81816,6,2
81822,6,2
81828,6,2
81834,6,2
81840,6,2
81846,6,2
81852,6,2
81858,6,2
81864,6,2
81870,6,2
81876,6,2
81882,6,2
81888,6,2
81894,6,2
81900,6,2
81906,6,2
81912,6,2
81918,6,2
81924,6,2
81930,6,2
81936,6,2
81942,6,2
81948,6,2
81954,6,2
81960,6,2
81966,6,2
81972,6,2
81978,6,2
81984,6,2
81990,6,2
81996,6,2
82002,6,2
82008,6,2
82014,6,2
82020,6,2
82026,6,2
82032,6,2
82038,6,2
82044,6,2
82050,6,2
82056,6,2
82062,6,2
82068,6,2
82074,6,2
82080,6,2
82086,6,2
82092,6,2
82098,6,2
82104,6,2
82110,6,2
82116,6,2
82122,6,2
82128,6,2
82134,6,2
82140,6,2
82146,6,2
82152,6,2
82158,6,2
82164,6,2
82170,6,2
82176,6,2
82182,6,2
82188,6,2
82194,6,2
82200,6,2
82206,6,2
82212,6,2
82218,6,2
82224,6,2
82230,6,2
82236,6,2
82242,6,2
82248,6,2
82254,6,2
82260,6,2
82266,6,2
82272,6,2
82278,6,2
82284,6,2
82290,6,2
82296,6,2
82302,6,2
82308,6,2
82314,6,2
82320,6,2
82326,6,2
82332,6,2
82338,6,2
82344,6,2
82350,6,2
82356,6,2
82362,6,2
82368,6,2
82374,6,2
82380,6,2
82386,6,2
82392,6,2
82398,6,2
82404,6,2
82410,6,2
82416,6,2
82422,6,2
82428,6,2
82434,6,2
82440,6,2
82446,6,2
82452,6,2
82458,6,2
82464,6,2
82470,6,2
82476,6,2
82482,6,2
82488,6,2
82494,6,2
82500,6,2
82506,6,2
82512,6,2
82518,6,2
82524,6,2
82530,6,2
82536,6,2
82542,6,2
82548,6,2
82554,6,2
82560,6,2
82566,6,2
82572,6,2
82578,6,2
82584,6,2
82590,6,2
82596,6,2
82602,6,2
82608,6,2
82614,6,2
82620,6,2
82626,6,2
82632,6,2
82638,6,2
82644,6,2
82650,6,2
82656,6,2
82662,6,2
82668,6,2
82674,6,2
82680,6,2
82686,6,2
82692,6,2
82698,6,2
82704,6,2
82710,6,2
82716,6,2
82722,6,2
82728,6,2
82734,6,2
82740,6,2
82746,6,2
82752,6,2
82758,6,2
82764,6,2
82770,6,2
82776,6,2
82782,6,2
82788,6,2
82794,6,2
82800,6,2
82806,6,2
82812,6,2
82818,6,2
82824,6,2
82830,6,2
82836,6,2
82842,6,2
82848,6,2
82854,6,2
82860,6,2
82866,6,2
82872,6,2
82878,6,2
82884,6,2
82890,6,2
82896,6,2
82902,6,2
82908,6,2
82914,6,2
82920,6,2
82926,6,2
82932,6,2
82938,6,2
82944,6,2
82950,6,2
82956,6,2
82962,6,2
82968,6,2
82974,6,2
82980,6,2
82986,6,2
82992,6,2
82998,6,2
83004,6,2
83010,6,2
83016,6,2
83022,6,2
83028,6,2
83034,6,2
83040,6,2
83046,6,2
83052,6,2
83058,6,2
83064,6,2
83070,6,2
83076,6,2
83082,6,2
83088,6,2
83094,6,2
83100,6,2
83106,6,2
83112,6,2
83118,6,2
83124,6,2
83130,6,2
83136,6,2
83142,6,2
83148,6,2
83154,6,2
83160,6,2
83166,6,2
83172,6,2
83178,6,2
83184,6,2
83190,6,2
83196,6,2
83202,6,2
83208,6,2
83214,6,2
83220,6,2
83226,6,2
83232,6,2
83238,6,2
83244,6,2
83250,6,2
83256,6,2
83262,6,2
83268,6,2
83274,6,2
83280,6,2
83286,6,2
83292,6,2
83298,6,2
83304,6,2
83310,6,2
83316,6,2
83322,6,2
83328,6,2
83334,6,2
83340,6,2
83346,6,2
83352,6,2
83358,6,2
83364,6,2
83370,6,2
83376,6,2
83382,6,2
83388,6,2
83394,6,2
83400,6,2
83406,6,2
83412,6,2
83418,6,2
83424,6,2
83430,6,2
83436,6,2
83442,6,2
83448,6,2
83454,6,2
83460,6,2
83466,6,2
83472,6,2
83478,6,2
83484,6,2
83490,6,2
83496,6,2
83502,6,2
83508,6,2
83514,6,2
83520,6,2
83526,6,2
83532,6,2
83538,6,2
83544,6,2
83550,6,2
83556,6,2
83562,6,2
83568,6,2
83574,6,2
83580,6,2
83586,6,2
83592,6,2
83598,6,2
83604,6,2
83610,6,2
83616,6,2
83622,6,2
83628,6,2
83634,6,2
83640,6,2
83646,6,2
83652,6,2
83658,6,2
83664,6,2
83670,6,2
83676,6,2
83682,6,2
83688,6,2
83694,6,2
83700,6,2
83706,6,2
83712,6,2
83718,6,2
83724,6,2
83730,6,2
83736,6,2
83742,6,2
83748,6,2
83754,6,2
83760,6,2
83766,6,2
83772,6,2
83778,6,2
83784,6,2
83790,6,2
83796,6,2
83802,6,2
83808,6,2
83814,6,2
83820,6,2
83826,6,2
83832,6,2
83838,6,2
83844,6,2
83850,6,2
83856,6,2
83862,6,2
83868,6,2
83874,6,2
83880,6,2
83886,6,2
83892,6,2
83898,6,2
83904,6,2
83910,6,2
83916,6,2
83922,6,2
83928,6,2
83934,6,2
83940,6,2
83946,6,2
83952,6,2
83958,6,2
83964,6,2
83970,6,2
83976,6,2
83982,6,2
83988,6,2
83994,6,2
84000,6,2
84006,6,2
84012,6,2
84018,6,2
84024,6,2
84030,6,2
84036,6,2
84042,6,2
84048,6,2
84054,6,2
84060,6,2
84066,6,2
84072,6,2
84078,6,2
84084,6,2
84090,6,2
84096,6,2
84102,6,2
84108,6,2
84114,6,2
84120,6,2
84126,6,2
84132,6,2
84138,6,2
84144,6,2
84150,6,2
84156,6,2
84162,6,2
84168,6,2
84174,6,2
84180,6,2
84186,6,2
84192,6,2
84198,6,2
84204,6,2
84210,6,2
84216,6,2
84222,6,2
84228,6,2
84234,6,2
84240,6,2
84246,6,2
84252,6,2
84258,6,2
84264,6,2
84270,6,2
84276,6,2
84282,6,2
84288,6,2
84294,6,2
84300,6,2
84306,6,2
84312,6,2
84318,6,2
84324,6,2
84330,6,2
84336,6,2
84342,6,2
84348,6,2
84354,6,2
84360,6,2
84366,6,2
84372,6,2
84378,6,2
84384,6,2
84390,6,2
84396,6,2
84402,6,2
84408,6,2
84414,6,2
84420,6,2
84426,6,2
84432,6,2
84438,6,2
84444,6,2
84450,6,2
84456,6,2
84462,6,2
84468,6,2
84474,6,2
84480,6,2
84486,6,2
84492,6,2
84498,6,2
84504,6,2
84510,6,2
84516,6,2
84522,6,2
84528,6,2
84534,6,2
84540,6,2
84546,6,2
84552,6,2
84558,6,2
84564,6,2
84570,6,2
84576,6,2
84582,6,2
84588,6,2
84594,6,2
84600,6,2
84606,6,2
84612,6,2
84618,6,2
84624,6,2
84630,6,2
84636,6,2
84642,6,2
84648,6,2
84654,6,2
84660,6,2
84666,6,2
84672,6,2
84678,6,2
84684,6,2
84690,6,2
84696,6,2
84702,6,2
84708,6,2
84714,6,2
84720,6,2
84726,6,2
84732,6,2
84738,6,2
84744,6,2
84750,6,2
84756,6,2
84762,6,2
84768,6,2
84774,6,2
84780,6,2
84786,6,2
84792,6,2
84798,6,2
84804,6,2
84810,6,2
84816,6,2
84822,6,2
84828,6,2
84834,6,2
84840,6,2
84846,6,2
84852,6,2
84858,6,2
84864,6,2
84870,6,2
84876,6,2
84882,6,2
84888,6,2
84894,6,2
84900,6,2
84906,6,2
84912,6,2
84918,6,2
84924,6,2
84930,6,2
84936,6,2
84942,6,2
84948,6,2
84954,6,2
84960,6,2
84966,6,2
84972,6,2
84978,6,2
84984,6,2
84990,6,2
84996,6,2
85002,6,2
85008,6,2
85014,6,2
85020,6,2
85026,6,2
85032,6,2
85038,6,2
85044,6,2
85050,6,2
85056,6,2
85062,6,2
85068,6,2
85074,6,2
85080,6,2
85086,6,2
85092,6,2
85098,6,2
85104,6,2
85110,6,2
85116,6,2
85122,6,2
85128,6,2
85134,6,2
85140,6,2
85146,6,2
85152,6,2
85158,6,2
85164,6,2
85170,6,2
85176,6,2
85182,6,2
85188,6,2
85194,6,2
85200,6,2
85206,6,2
85212,6,2
85218,6,2
85224,6,2
85230,6,2
85236,6,2
85242,6,2
85248,6,2
85254,6,2
85260,6,2
85266,6,2
85272,6,2
85278,6,2
85284,6,2
85290,6,2
85296,6,2
85302,6,2
85308,6,2
85314,6,2
85320,6,2
85326,6,2
85332,6,2
85338,6,2
85344,6,2
85350,6,2
85356,6,2
85362,6,2
85368,6,2
85374,6,2
85380,6,2
85386,6,2
85392,6,2
85398,6,2
85404,6,2
85410,6,2
85416,6,2
85422,6,2
85428,6,2
85434,6,2
85440,6,2
85446,6,2
85452,6,2
85458,6,2
85464,6,2
85470,6,2
85476,6,2
85482,6,2
85488,6,2
85494,6,2
85500,6,2
85506,6,2
85512,6,2
85518,6,2
85524,6,2
85530,6,2
85536,6,2
85542,6,2
85548,6,2
85554,6,2
85560,6,2
85566,6,2
85572,6,2
85578,6,2
85584,6,2
85590,6,2
85596,6,2
85602,6,2
85608,6,2
85614,6,2
85620,6,2
85626,6,2
85632,6,2
85638,6,2
85644,6,2
85650,6,2
85656,6,2
85662,6,2
85668,6,2
85674,6,2
85680,6,2
85686,6,2
85692,6,2
85698,6,2
85704,6,2
85710,6,2
85716,6,2
85722,6,2
85728,6,2
85734,6,2
85740,6,2
85746,6,2
85752,6,2
85758,6,2
85764,6,2
85770,6,2
85776,6,2
85782,6,2
85788,6,2
85794,6,2
85800,6,2
85806,6,2
85812,6,2
85818,6,2
85824,6,2
85830,6,2
85836,6,2
85842,6,2
85848,6,2
85854,6,2
85860,6,2
85866,6,2
85872,6,2
85878,6,2
85884,6,2
85890,6,2
85896,6,2
85902,6,2
85908,6,2
85914,6,2
85920,6,2
85926,6,2
85932,6,2
85938,6,2
85944,6,2
85950,6,2
85956,6,2
85962,6,2
85968,6,2
85974,6,2
85980,6,2
85986,6,2
85992,6,2
85998,6,2
86004,6,2
86010,6,2
86016,6,2
86022,6,2
86028,6,2
86034,6,2
86040,6,2
86046,6,2
86052,6,2
86058,6,2
86064,6,2
86070,6,2
86076,6,2
86082,6,2
86088,6,2
86094,6,2
86100,6,2
86106,6,2
86112,6,2
86118,6,2
86124,6,2
86130,6,2
86136,6,2
86142,6,2
86148,6,2
86154,6,2
86160,6,2
86166,6,2
86172,6,2
86178,6,2
86184,6,2
86190,6,2
86196,6,2
86202,6,2
86208,6,2
86214,6,2
86220,6,2
86226,6,2
86232,6,2
86238,6,2
86244,6,2
86250,6,2
86256,6,2
86262,6,2
86268,6,2
86274,6,2
86280,6,2
86286,6,2
86292,6,2
86298,6,2
86304,6,2
86310,6,2
86316,6,2
86322,6,2
86328,6,2
86334,6,2
86340,6,2
86346,6,2
86352,6,2
86358,6,2
86364,6,2
86370,6,2
86376,6,2
86382,6,2
86388,6,2
86394,6,2
86400,6,2
86406,6,2
86412,6,2
86418,6,2
86424,6,2
86430,6,2
86436,6,2
86442,6,2
86448,6,2
86454,6,2
86460,6,2
86466,6,2
86472,6,2
86478,6,2
86484,6,2
86490,6,2
86496,6,2
86502,6,2
86508,6,2
86514,6,2
86520,6,2
86526,6,2
86532,6,2
86538,6,2
86544,6,2
86550,6,2
86556,6,2
86562,6,2
86568,6,2
86574,6,2
86580,6,2
86586,6,2
86592,6,2
86598,6,2
86604,6,2
86610,6,2
86616,6,2
86622,6,2
86628,6,2
86634,6,2
86640,6,2
86646,6,2
86652,6,2
86658,6,2
86664,6,2
86670,6,2
86676,6,2
86682,6,2
86688,6,2
86694,6,2
86700,6,2
86706,6,2
86712,6,2
86718,6,2
86724,6,2
86730,6,2
86736,6,2
86742,6,2
86748,6,2
86754,6,2
86760,6,2
86766,6,2
86772,6,2
86778,6,2
86784,6,2
86790,6,2
86796,6,2
86802,6,2
86808,6,2
86814,6,2
86820,6,2
86826,6,2
86832,6,2
86838,6,2
86844,6,2
86850,6,2
86856,6,2
86862,6,2
86868,6,2
86874,6,2
86880,6,2
86886,6,2
86892,6,2
86898,6,2
86904,6,2
86910,6,2
86916,6,2
86922,6,2
86928,6,2
86934,6,2
86940,6,2
86946,6,2
86952,6,2
86958,6,2
86964,6,2
86970,6,2
86976,6,2
86982,6,2
86988,6,2
86994,6,2
87000,6,2
87006,6,2
87012,6,2
87018,6,2
87024,6,2
87030,6,2
87036,6,2
87042,6,2
87048,6,2
87054,6,2
87060,6,2
87066,6,2
87072,6,2
87078,6,2
87084,6,2
87090,6,2
87096,6,2
87102,6,2
87108,6,2
87114,6,2
87120,6,2
87126,6,2
87132,6,2
87138,6,2
87144,6,2
87150,6,2
87156,6,2
87162,6,2
87168,6,2
87174,6,2
87180,6,2
87186,6,2
87192,6,2
87198,6,2
87204,6,2
87210,6,2
87216,6,2
87222,6,2
87228,6,2
87234,6,2
87240,6,2
87246,6,2
87252,6,2
87258,6,2
87264,6,2
87270,6,2
87276,6,2
87282,6,2
87288,6,2
87294,6,2
87300,6,2
87306,6,2
87312,6,2
87318,6,2
87324,6,2
87330,6,2
87336,6,2
87342,6,2
87348,6,2
87354,6,2
87360,6,2
87366,6,2
87372,6,2
87378,6,2
87384,6,2
87390,6,2
87396,6,2
87402,6,2
87408,6,2
87414,6,2
87420,6,2
87426,6,2
87432,6,2
87438,6,2
87444,6,2
87450,6,2
87456,6,2
87462,6,2
87468,6,2
87474,6,2
87480,6,2
87486,6,2
87492,6,2
87498,6,2
87504,6,2
87510,6,2
87516,6,2
87522,6,2
87528,6,2
87534,6,2
87540,6,2
87546,6,2
87552,6,2
87558,6,2
87564,6,2
87570,6,2
87576,6,2
87582,6,2
87588,6,2
87594,6,2
87600,6,2
87606,6,2
87612,6,2
87618,6,2
87624,6,2
87630,6,2
87636,6,2
87642,6,2
87648,6,2
87654,6,2
87660,6,2
87666,6,2
87672,6,2
87678,6,2
87684,6,2
87690,6,2
87696,6,2
87702,6,2
87708,6,2
87714,6,2
87720,6,2
87726,6,2
87732,6,2
87738,6,2
87744,6,2
87750,6,2
87756,6,2
87762,6,2
87768,6,2
87774,6,2
87780,6,2
87786,6,2
87792,6,2
87798,6,2
87804,6,2
87810,6,2
87816,6,2
87822,6,2
87828,6,2
87834,6,2
87840,6,2
87846,6,2
87852,6,2
87858,6,2
87864,6,2
87870,6,2
87876,6,2
87882,6,2
87888,6,2
87894,6,2
87900,6,2
87906,6,2
87912,6,2
87918,6,2
87924,6,2
87930,6,2
87936,6,2
87942,6,2
87948,6,2
87954,6,2
87960,6,2
87966,6,2
87972,6,2
87978,6,2
87984,6,2
87990,6,2
87996,6,2
88002,6,2
88008,6,2
88014,6,2
88020,6,2
88026,6,2
88032,6,2
88038,6,2
88044,6,2
88050,6,2
88056,6,2
88062,6,2
88068,6,2
88074,6,2
88080,6,2
88086,6,2
88092,6,2
88098,6,2
88104,6,2
88110,6,2
88116,6,2
88122,6,2
88128,6,2
88134,6,2
88140,6,2
88146,6,2
88152,6,2
88158,6,2
88164,6,2
88170,6,2
88176,6,2
88182,6,2
88188,6,2
88194,6,2
88200,6,2
88206,6,2
88212,6,2
88218,6,2
88224,6,2
88230,6,2
88236,6,2
88242,6,2
88248,6,2
88254,6,2
88260,6,2
88266,6,2
88272,6,2
88278,6,2
88284,6,2
88290,6,2
88296,6,2
88302,6,2
88308,6,2
88314,6,2
88320,6,2
88326,6,2
88332,6,2
88338,6,2
88344,6,2
88350,6,2
88356,6,2
88362,6,2
88368,6,2
88374,6,2
88380,6,2
88386,6,2
88392,6,2
88398,6,2
88404,6,2
88410,6,2
88416,6,2
88422,6,2
88428,6,2
88434,6,2
88440,6,2
88446,6,2
88452,6,2
88458,6,2
88464,6,2
88470,6,2
88476,6,2
88482,6,2
88488,6,2
88494,6,2
88500,6,2
88506,6,2
88512,6,2
88518,6,2
88524,6,2
88530,6,2
88536,6,2
88542,6,2
88548,6,2
88554,6,2
88560,6,2
88566,6,2
88572,6,2
88578,6,2
88584,6,2
88590,6,2
88596,6,2
88602,6,2
88608,6,2
88614,6,2
88620,6,2
88626,6,2
88632,6,2
88638,6,2
88644,6,2
88650,6,2
88656,6,2
88662,6,2
88668,6,2
88674,6,2
88680,6,2
88686,6,2
88692,6,2
88698,6,2
88704,6,2
88710,6,2
88716,6,2
88722,6,2
88728,6,2
88734,6,2
88740,6,2
88746,6,2
88752,6,2
88758,6,2
88764,6,2
88770,6,2
88776,6,2
88782,6,2
88788,6,2
88794,6,2
88800,6,2
88806,6,2
88812,6,2
88818,6,2
88824,6,2
88830,6,2
88836,6,2
88842,6,2
88848,6,2
88854,6,2
88860,6,2
88866,6,2
88872,6,2
88878,6,2
88884,6,2
88890,6,2
88896,6,2
88902,6,2
88908,6,2
88914,6,2
88920,6,2
88926,6,2
88932,6,2
88938,6,2
88944,6,2
88950,6,2
88956,6,2
88962,6,2
88968,6,2
88974,6,2
88980,6,2
88986,6,2
88992,6,2
88998,6,2
89004,6,2
89010,6,2
89016,6,2
89022,6,2
89028,6,2
89034,6,2
89040,6,2
89046,6,2
89052,6,2
89058,6,2
89064,6,2
89070,6,2
89076,6,2
89082,6,2
89088,6,2
89094,6,2
89100,6,2
89106,6,2
89112,6,2
89118,6,2
89124,6,2
89130,6,2
89136,6,2
89142,6,2
89148,6,2
89154,6,2
89160,6,2
89166,6,2
89172,6,2
89178,6,2
89184,6,2
89190,6,2
89196,6,2
89202,6,2
89208,6,2
89214,6,2
89220,6,2
89226,6,2
89232,6,2
89238,6,2
89244,6,2
89250,6,2
89256,6,2
89262,6,2
89268,6,2
89274,6,2
89280,6,2
89286,6,2
89292,6,2
89298,6,2
89304,6,2
89310,6,2
89316,6,2
89322,6,2
89328,6,2
89334,6,2
89340,6,2
89346,6,2
89352,6,2
89358,6,2
89364,6,2
89370,6,2
89376,6,2
89382,6,2
89388,6,2
89394,6,2
89400,6,2
89406,6,2
89412,6,2
89418,6,2
89424,6,2
89430,6,2
89436,6,2
89442,6,2
89448,6,2
89454,6,2
89460,6,2
89466,6,2
89472,6,2
89478,6,2
89484,6,2
89490,6,2
89496,6,2
89502,6,2
89508,6,2
89514,6,2
89520,6,2
89526,6,2
89532,6,2
89538,6,2
89544,6,2
89550,6,2
89556,6,2
89562,6,2
89568,6,2
89574,6,2
89580,6,2
89586,6,2
89592,6,2
89598,6,2
89604,6,2
89610,6,2
89616,6,2
89622,6,2
89628,6,2
89634,6,2
89640,6,2
89646,6,2
89652,6,2
89658,6,2
89664,6,2
89670,6,2
89676,6,2
89682,6,2
89688,6,2
89694,6,2
89700,6,2
89706,6,2
89712,6,2
89718,6,2
89724,6,2
89730,6,2
89736,6,2
89742,6,2
89748,6,2
89754,6,2
89760,6,2
89766,6,2
89772,6,2
89778,6,2
89784,6,2
89790,6,2
89796,6,2
89802,6,2
89808,6,2
89814,6,2
89820,6,2
89826,6,2
89832,6,2
89838,6,2
89844,6,2
89850,6,2
89856,6,2
89862,6,2
89868,6,2
89874,6,2
89880,6,2
89886,6,2
89892,6,2
89898,6,2
89904,6,2
89910,6,2
89916,6,2
89922,6,2
89928,6,2
89934,6,2
89940,6,2
89946,6,2
89952,6,2
89958,6,2
89964,6,2
89970,6,2
89976,6,2
89982,6,2
89988,6,2
89994,6,2
90000,6,2
90006,6,2
90012,6,2
90018,6,2
90024,6,2
90030,6,2
90036,6,2
90042,6,2
90048,6,2
90054,6,2
90060,6,2
90066,6,2
90072,6,2
90078,6,2
90084,6,2
90090,6,2
90096,6,2
90102,6,2
90108,6,2
90114,6,2
90120,6,2
90126,6,2
90132,6,2
90138,6,2
90144,6,2
90150,6,2
90156,6,2
90162,6,2
90168,6,2
90174,6,2
90180,6,2
90186,6,2
90192,6,2
90198,6,2
90204,6,2
90210,6,2
90216,6,2
90222,6,2
90228,6,2
90234,6,2
90240,6,2
90246,6,2
90252,6,2
90258,6,2
90264,6,2
90270,6,2
90276,6,2
90282,6,2
90288,6,2
90294,6,2
90300,6,2
90306,6,2
90312,6,2
90318,6,2
90324,6,2
90330,6,2
90336,6,2
90342,6,2
90348,6,2
90354,6,2
90360,6,2
90366,6,2
90372,6,2
90378,6,2
90384,6,2
90390,6,2
90396,6,2
90402,6,2
90408,6,2
90414,6,2
90420,6,2
90426,6,2
90432,6,2
90438,6,2
90444,6,2
90450,6,2
90456,6,2
90462,6,2
90468,6,2
90474,6,2
90480,6,2
90486,6,2
90492,6,2
90498,6,2
90504,6,2
90510,6,2
90516,6,2
90522,6,2
90528,6,2
90534,6,2
90540,6,2
90546,6,2
90552,6,2
90558,6,2
90564,6,2
90570,6,2
90576,6,2
90582,6,2
90588,6,2
90594,6,2
90600,6,2
90606,6,2
90612,6,2
90618,6,2
90624,6,2
90630,6,2
90636,6,2
90642,6,2
90648,6,2
90654,6,2
90660,6,2
90666,6,2
90672,6,2
90678,6,2
90684,6,2
90690,6,2
90696,6,2
90702,6,2
90708,6,2
90714,6,2
90720,6,2
90726,6,2
90732,6,2
90738,6,2
90744,6,2
90750,6,2
90756,6,2
90762,6,2
90768,6,2
90774,6,2
90780,6,2
90786,6,2
90792,6,2
90798,6,2
90804,6,2
90810,6,2
90816,6,2
90822,6,2
90828,6,2
90834,6,2
90840,6,2
90846,6,2
90852,6,2
90858,6,2
90864,6,2
90870,6,2
90876,6,2
90882,6,2
90888,6,2
90894,6,2
90900,6,2
90906,6,2
90912,6,2
90918,6,2
90924,6,2
90930,6,2
90936,6,2
90942,6,2
90948,6,2
90954,6,2
90960,6,2
90966,6,2
90972,6,2
90978,6,2
90984,6,2
90990,6,2
90996,6,2
91002,6,2
91008,6,2
91014,6,2
91020,6,2
91026,6,2
91032,6,2
91038,6,2
91044,6,2
91050,6,2
91056,6,2
91062,6,2
91068,6,2
91074,6,2
91080,6,2
91086,6,2
91092,6,2
91098,6,2
91104,6,2
91110,6,2
91116,6,2
91122,6,2
91128,6,2
91134,6,2
91140,6,2
91146,6,2
91152,6,2
91158,6,2
91164,6,2
91170,6,2
91176,6,2
91182,6,2
91188,6,2
91194,6,2
91200,6,2
91206,6,2
91212,6,2
91218,6,2
91224,6,2
91230,6,2
91236,6,2
91242,6,2
91248,6,2
91254,6,2
91260,6,2
91266,6,2
91272,6,2
91278,6,2
91284,6,2
91290,6,2
91296,6,2
91302,6,2
91308,6,2
91314,6,2
91320,6,2
91326,6,2
91332,6,2
91338,6,2
91344,6,2
91350,6,2
91356,6,2
91362,6,2
91368,6,2
91374,6,2
91380,6,2
91386,6,2
91392,6,2
91398,6,2
91404,6,2
91410,6,2
91416,6,2
91422,6,2
91428,6,2
91434,6,2
91440,6,2
91446,6,2
91452,6,2
91458,6,2
91464,6,2
91470,6,2
91476,6,2
91482,6,2
91488,6,2
91494,6,2
91500,6,2
91506,6,2
91512,6,2
91518,6,2
91524,6,2
91530,6,2
91536,6,2
91542,6,2
91548,6,2
91554,6,2
91560,6,2
91566,6,2
91572,6,2
91578,6,2
91584,6,2
91590,6,2
91596,6,2
91602,6,2
91608,6,2
91614,6,2
91620,6,2
91626,6,2
91632,6,2
91638,6,2
91644,6,2
91650,6,2
91656,6,2
91662,6,2
91668,6,2
91674,6,2
91680,6,2
91686,6,2
91692,6,2
91698,6,2
91704,6,2
91710,6,2
91716,6,2
91722,6,2
91728,6,2
91734,6,2
91740,6,2
91746,6,2
91752,6,2
91758,6,2
91764,6,2
91770,6,2
91776,6,2
91782,6,2
91788,6,2
91794,6,2
91800,6,2
91806,6,2
91812,6,2
91818,6,2
91824,6,2
91830,6,2
91836,6,2
91842,6,2
91848,6,2
91854,6,2
91860,6,2
91866,6,2
91872,6,2
91878,6,2
91884,6,2
91890,6,2
91896,6,2
91902,6,2
91908,6,2
91914,6,2
91920,6,2
91926,6,2
91932,6,2
91938,6,2
91944,6,2
91950,6,2
91956,6,2
91962,6,2
91968,6,2
91974,6,2
91980,6,2
91986,6,2
91992,6,2
91998,6,2
92004,6,2
92010,6,2
92016,6,2
92022,6,2
92028,6,2
92034,6,2
92040,6,2
92046,6,2
92052,6,2
92058,6,2
92064,6,2
92070,6,2
92076,6,2
92082,6,2
92088,6,2
92094,6,2
92100,6,2
92106,6,2
92112,6,2
92118,6,2
92124,6,2
92130,6,2
92136,6,2
92142,6,2
92148,6,2
92154,6,2
92160,6,2
92166,6,2
92172,6,2
92178,6,2
92184,6,2
92190,6,2
92196,6,2
92202,6,2
92208,6,2
92214,6,2
92220,6,2
92226,6,2
92232,6,2
92238,6,2
92244,6,2
92250,6,2
92256,6,2
92262,6,2
92268,6,2
92274,6,2
92280,6,2
92286,6,2
92292,6,2
92298,6,2
92304,6,2
92310,6,2
92316,6,2
92322,6,2
92328,6,2
92334,6,2
92340,6,2
92346,6,2
92352,6,2
92358,6,2
92364,6,2
92370,6,2
92376,6,2
92382,6,2
92388,6,2
92394,6,2
92400,6,2
92406,6,2
92412,6,2
92418,6,2
92424,6,2
92430,6,2
92436,6,2
92442,6,2
92448,6,2
92454,6,2
92460,6,2
92466,6,2
92472,6,2
92478,6,2
92484,6,2
92490,6,2
92496,6,2
92502,6,2
92508,6,2
92514,6,2
92520,6,2
92526,6,2
92532,6,2
92538,6,2
92544,6,2
92550,6,2
92556,6,2
92562,6,2
92568,6,2
92574,6,2
92580,6,2
92586,6,2
92592,6,2
92598,6,2
92604,6,2
92610,6,2
92616,6,2
92622,6,2
92628,6,2
92634,6,2
92640,6,2
92646,6,2
92652,6,2
92658,6,2
92664,6,2
92670,6,2
92676,6,2
92682,6,2
92688,6,2
92694,6,2
92700,6,2
92706,6,2
92712,6,2
92718,6,2
92724,6,2
92730,6,2
92736,6,2
92742,6,2
92748,6,2
92754,6,2
92760,6,2
92766,6,2
92772,6,2
92778,6,2
92784,6,2
92790,6,2
92796,6,2
92802,6,2
92808,6,2
92814,6,2
92820,6,2
92826,6,2
92832,6,2
92838,6,2
92844,6,2
92850,6,2
92856,6,2
92862,6,2
92868,6,2
92874,6,2
92880,6,2
92886,6,2
92892,6,2
92898,6,2
92904,6,2
92910,6,2
92916,6,2
92922,6,2
92928,6,2
92934,6,2
92940,6,2
92946,6,2
92952,6,2
92958,6,2
92964,6,2
92970,6,2
92976,6,2
92982,6,2
92988,6,2
92994,6,2
93000,6,2
93006,6,2
93012,6,2
93018,6,2
93024,6,2
93030,6,2
93036,6,2
93042,6,2
93048,6,2
93054,6,2
93060,6,2
93066,6,2
93072,6,2
93078,6,2
93084,6,2
93090,6,2
93096,6,2
93102,6,2
93108,6,2
93114,6,2
93120,6,2
93126,6,2
93132,6,2
93138,6,2
93144,6,2
93150,6,2
93156,6,2
93162,6,2
93168,6,2
93174,6,2
93180,6,2
93186,6,2
93192,6,2
93198,6,2
93204,6,2
93210,6,2
93216,6,2
93222,6,2
93228,6,2
93234,6,2
93240,6,2
93246,6,2
93252,6,2
93258,6,2
93264,6,2
93270,6,2
93276,6,2
93282,6,2
93288,6,2
93294,6,2
93300,6,2
93306,6,2
93312,6,2
93318,6,2
93324,6,2
93330,6,2
93336,6,2
93342,6,2
93348,6,2
93354,6,2
93360,6,2
93366,6,2
93372,6,2
93378,6,2
93384,6,2
93390,6,2
93396,6,2
93402,6,2
93408,6,2
93414,6,2
93420,6,2
93426,6,2
93432,6,2
93438,6,2
93444,6,2
93450,6,2
93456,6,2
93462,6,2
93468,6,2
93474,6,2
93480,6,2
93486,6,2
93492,6,2
93498,6,2
93504,6,2
93510,6,2
93516,6,2
93522,6,2
93528,6,2
93534,6,2
93540,6,2
93546,6,2
93552,6,2
93558,6,2
93564,6,2
93570,6,2
93576,6,2
93582,6,2
93588,6,2
93594,6,2
93600,6,2
93606,6,2
93612,6,2
93618,6,2
93624,6,2
93630,6,2
93636,6,2
93642,6,2
93648,6,2
93654,6,2
93660,6,2
93666,6,2
93672,6,2
93678,6,2
93684,6,2
93690,6,2
93696,6,2
93702,6,2
93708,6,2
93714,6,2
93720,6,2
93726,6,2
93732,6,2
93738,6,2
93744,6,2
93750,6,2
93756,6,2
93762,6,2
93768,6,2
93774,6,2
93780,6,2
93786,6,2
93792,6,2
93798,6,2
93804,6,2
93810,6,2
93816,6,2
93822,6,2
93828,6,2
93834,6,2
93840,6,2
93846,6,2
93852,6,2
93858,6,2
93864,6,2
93870,6,2
93876,6,2
93882,6,2
93888,6,2
93894,6,2
93900,6,2
93906,6,2
93912,6,2
93918,6,2
93924,6,2
93930,6,2
93936,6,2
93942,6,2
93948,6,2
93954,6,2
93960,6,2
93966,6,2
93972,6,2
93978,6,2
93984,6,2
93990,6,2
93996,6,2
94002,6,2
94008,6,2
94014,6,2
94020,6,2
94026,6,2
94032,6,2
94038,6,2
94044,6,2
94050,6,2
94056,6,2
94062,6,2
94068,6,2
94074,6,2
94080,6,2
94086,6,2
94092,6,2
94098,6,2
94104,6,2
94110,6,2
94116,6,2
94122,6,2
94128,6,2
94134,6,2
94140,6,2
94146,6,2
94152,6,2
94158,6,2
94164,6,2
94170,6,2
94176,6,2
94182,6,2
94188,6,2
94194,6,2
94200,6,2
94206,6,2
94212,6,2
94218,6,2
94224,6,2
94230,6,2
94236,6,2
94242,6,2
94248,6,2
94254,6,2
94260,6,2
94266,6,2
94272,6,2
94278,6,2
94284,6,2
94290,6,2
94296,6,2
94302,6,2
94308,6,2
94314,6,2
94320,6,2
94326,6,2
94332,6,2
94338,6,2
94344,6,2
94350,6,2
94356,6,2
94362,6,2
94368,6,2
94374,6,2
94380,6,2
94386,6,2
94392,6,2
94398,6,2
94404,6,2
94410,6,2
94416,6,2
94422,6,2
94428,6,2
94434,6,2
94440,6,2
94446,6,2
94452,6,2
94458,6,2
94464,6,2
94470,6,2
94476,6,2
94482,6,2
94488,6,2
94494,6,2
94500,6,2
94506,6,2
94512,6,2
94518,6,2
94524,6,2
94530,6,2
94536,6,2
94542,6,2
94548,6,2
94554,6,2
94560,6,2
94566,6,2
94572,6,2
94578,6,2
94584,6,2
94590,6,2
94596,6,2
94602,6,2
94608,6,2
94614,6,2
94620,6,2
94626,6,2
94632,6,2
94638,6,2
94644,6,2
94650,6,2
94656,6,2
94662,6,2
94668,6,2
94674,6,2
94680,6,2
94686,6,2
94692,6,2
94698,6,2
94704,6,2
94710,6,2
94716,6,2
94722,6,2
94728,6,2
94734,6,2
94740,6,2
94746,6,2
94752,6,2
94758,6,2
94764,6,2
94770,6,2
94776,6,2
94782,6,2
94788,6,2
94794,6,2
94800,6,2
94806,6,2
94812,6,2
94818,6,2
94824,6,2
94830,6,2
94836,6,2
94842,6,2
94848,6,2
94854,6,2
94860,6,2
94866,6,2
94872,6,2
94878,6,2
94884,6,2
94890,6,2
94896,6,2
94902,6,2
94908,6,2
94914,6,2
94920,6,2
94926,6,2
94932,6,2
94938,6,2
94944,6,2
94950,6,2
94956,6,2
94962,6,2
94968,6,2
94974,6,2
94980,6,2
94986,6,2
94992,6,2
94998,6,2
95004,6,2
95010,6,2
95016,6,2
95022,6,2
95028,6,2
95034,6,2
95040,6,2
95046,6,2
95052,6,2
95058,6,2
95064,6,2
95070,6,2
95076,6,2
95082,6,2
95088,6,2
95094,6,2
95100,6,2
95106,6,2
95112,6,2
95118,6,2
95124,6,2
95130,6,2
95136,6,2
95142,6,2
95148,6,2
95154,6,2
95160,6,2
95166,6,2
95172,6,2
95178,6,2
95184,6,2
95190,6,2
95196,6,2
95202,6,2
95208,6,2
95214,6,2
95220,6,2
95226,6,2
95232,6,2
95238,6,2
95244,6,2
95250,6,2
95256,6,2
95262,6,2
95268,6,2
95274,6,2
95280,6,2
95286,6,2
95292,6,2
95298,6,2
95304,6,2
95310,6,2
95316,6,2
95322,6,2
95328,6,2
95334,6,2
95340,6,2
95346,6,2
95352,6,2
95358,6,2
95364,6,2
95370,6,2
95376,6,2
95382,6,2
95388,6,2
95394,6,2
95400,6,2
95406,6,2
95412,6,2
95418,6,2
95424,6,2
95430,6,2
95436,6,2
95442,6,2
95448,6,2
95454,6,2
95460,6,2
95466,6,2
95472,6,2
95478,6,2
95484,6,2
95490,6,2
95496,6,2
95502,6,2
95508,6,2
95514,6,2
95520,6,2
95526,6,2
95532,6,2
95538,6,2
95544,6,2
95550,6,2
95556,6,2
95562,6,2
95568,6,2
95574,6,2
95580,6,2
95586,6,2
95592,6,2
95598,6,2
95604,6,2
95610,6,2
95616,6,2
95622,6,2
95628,6,2
95634,6,2
95640,6,2
95646,6,2
95652,6,2
95658,6,2
95664,6,2
95670,6,2
95676,6,2
95682,6,2
95688,6,2
95694,6,2
95700,6,2
95706,6,2
95712,6,2
95718,6,2
95724,6,2
95730,6,2
95736,6,2
95742,6,2
95748,6,2
95754,6,2
95760,6,2
95766,6,2
95772,6,2
95778,6,2
95784,6,2
95790,6,2
95796,6,2
95802,6,2
95808,6,2
95814,6,2
95820,6,2
95826,6,2
95832,6,2
95838,6,2
95844,6,2
95850,6,2
95856,6,2
95862,6,2
95868,6,2
95874,6,2
95880,6,2
95886,6,2
95892,6,2
95898,6,2
95904,6,2
95910,6,2
95916,6,2
95922,6,2
95928,6,2
95934,6,2
95940,6,2
95946,6,2
95952,6,2
95958,6,2
95964,6,2
95970,6,2
95976,6,2
95982,6,2
95988,6,2
95994,6,2
96000,6,2
96006,6,2
96012,6,2
96018,6,2
96024,6,2
96030,6,2
96036,6,2
96042,6,2
96048,6,2
96054,6,2
96060,6,2
96066,6,2
96072,6,2
96078,6,2
96084,6,2
96090,6,2
96096,6,2
96102,6,2
96108,6,2
96114,6,2
96120,6,2
96126,6,2
96132,6,2
96138,6,2
96144,6,2
96150,6,2
96156,6,2
96162,6,2
96168,6,2
96174,6,2
96180,6,2
96186,6,2
96192,6,2
96198,6,2
96204,6,2
96210,6,2
96216,6,2
96222,6,2
96228,6,2
96234,6,2
96240,6,2
96246,6,2
96252,6,2
96258,6,2
96264,6,2
96270,6,2
96276,6,2
96282,6,2
96288,6,2
96294,6,2
96300,6,2
96306,6,2
96312,6,2
96318,6,2
96324,6,2
96330,6,2
96336,6,2
96342,6,2
96348,6,2
96354,6,2
96360,6,2
96366,6,2
96372,6,2
96378,6,2
96384,6,2
96390,6,2
96396,6,2
96402,6,2
96408,6,2
96414,6,2
96420,6,2
96426,6,2
96432,6,2
96438,6,2
96444,6,2
96450,6,2
96456,6,2
96462,6,2
96468,6,2
96474,6,2
96480,6,2
96486,6,2
96492,6,2
96498,6,2
96504,6,2
96510,6,2
96516,6,2
96522,6,2
96528,6,2
96534,6,2
96540,6,2
96546,6,2
96552,6,2
96558,6,2
96564,6,2
96570,6,2
96576,6,2
96582,6,2
96588,6,2
96594,6,2
96600,6,2
96606,6,2
96612,6,2
96618,6,2
96624,6,2
96630,6,2
96636,6,2
96642,6,2
96648,6,2
96654,6,2
96660,6,2
96666,6,2
96672,6,2
96678,6,2
96684,6,2
96690,6,2
96696,6,2
96702,6,2
96708,6,2
96714,6,2
96720,6,2
96726,6,2
96732,6,2
96738,6,2
96744,6,2
96750,6,2
96756,6,2
96762,6,2
96768,6,2
96774,6,2
96780,6,2
96786,6,2
96792,6,2
96798,6,2
96804,6,2
96810,6,2
96816,6,2
96822,6,2
96828,6,2
96834,6,2
96840,6,2
96846,6,2
96852,6,2
96858,6,2
96864,6,2
96870,6,2
96876,6,2
96882,6,2
96888,6,2
96894,6,2
96900,6,2
96906,6,2
96912,6,2
96918,6,2
96924,6,2
96930,6,2
96936,6,2
96942,6,2
96948,6,2
96954,6,2
96960,6,2
96966,6,2
96972,6,2
96978,6,2
96984,6,2
96990,6,2
96996,6,2
97002,6,2
97008,6,2
97014,6,2
97020,6,2
97026,6,2
97032,6,2
97038,6,2
97044,6,2
97050,6,2
97056,6,2
97062,6,2
97068,6,2
97074,6,2
97080,6,2
97086,6,2
97092,6,2
97098,6,2
97104,6,2
97110,6,2
97116,6,2
97122,6,2
97128,6,2
97134,6,2
97140,6,2
97146,6,2
97152,6,2
97158,6,2
97164,6,2
97170,6,2
97176,6,2
97182,6,2
97188,6,2
97194,6,2
97200,6,2
97206,6,2
97212,6,2
97218,6,2
97224,6,2
97230,6,2
97236,6,2
97242,6,2
97248,6,2
97254,6,2
97260,6,2
97266,6,2
97272,6,2
97278,6,2
97284,6,2
97290,6,2
97296,6,2
97302,6,2
97308,6,2
97314,6,2
97320,6,2
97326,6,2
97332,6,2
97338,6,2
97344,6,2
97350,6,2
97356,6,2
97362,6,2
97368,6,2
97374,6,2
97380,6,2
97386,6,2
97392,6,2
97398,6,2
97404,6,2
97410,6,2
97416,6,2
97422,6,2
97428,6,2
97434,6,2
97440,6,2
97446,6,2
97452,6,2
97458,6,2
97464,6,2
97470,6,2
97476,6,2
97482,6,2
97488,6,2
97494,6,2
97500,6,2
97506,6,2
97512,6,2
97518,6,2
97524,6,2
97530,6,2
97536,6,2
97542,6,2
97548,6,2
97554,6,2
97560,6,2
97566,6,2
97572,6,2
97578,6,2
97584,6,2
97590,6,2
97596,6,2
97602,6,2
97608,6,2
97614,6,2
97620,6,2
97626,6,2
97632,6,2
97638,6,2
97644,6,2
97650,6,2
97656,6,2
97662,6,2
97668,6,2
97674,6,2
97680,6,2
97686,6,2
97692,6,2
97698,6,2
97704,6,2
97710,6,2
97716,6,2
97722,6,2
97728,6,2
97734,6,2
97740,6,2
97746,6,2
97752,6,2
97758,6,2
97764,6,2
97770,6,2
97776,6,2
97782,6,2
97788,6,2
97794,6,2
97800,6,2
97806,6,2
97812,6,2
97818,6,2
97824,6,2
97830,6,2
97836,6,2
97842,6,2
97848,6,2
97854,6,2
97860,6,2
97866,6,2
97872,6,2
97878,6,2
97884,6,2
97890,6,2
97896,6,2
97902,6,2
97908,6,2
97914,6,2
97920,6,2
97926,6,2
97932,6,2
97938,6,2
97944,6,2
97950,6,2
97956,6,2
97962,6,2
97968,6,2
97974,6,2
97980,6,2
97986,6,2
97992,6,2
97998,6,2
98004,6,2
98010,6,2
98016,6,2
98022,6,2
98028,6,2
98034,6,2
98040,6,2
98046,6,2
98052,6,2
98058,6,2
98064,6,2
98070,6,2
98076,6,2
98082,6,2
98088,6,2
98094,6,2
98100,6,2
98106,6,2
98112,6,2
98118,6,2
98124,6,2
98130,6,2
98136,6,2
98142,6,2
98148,6,2
98154,6,2
98160,6,2
98166,6,2
98172,6,2
98178,6,2
98184,6,2
98190,6,2
98196,6,2
98202,6,2
98208,6,2
98214,6,2
98220,6,2
98226,6,2
98232,6,2
98238,6,2
98244,6,2
98250,6,2
98256,6,2
98262,6,2
98268,6,2
98274,6,2
98280,6,2
98286,6,2
98292,6,2
98298,6,2
