98304,6,2
98310,6,2
98316,6,2
98322,6,2
98328,6,2
98334,6,2
98340,6,2
98346,6,2
98352,6,2
98358,6,2
98364,6,2
98370,6,2
98376,6,2
98382,6,2
98388,6,2
98394,6,2
98400,6,2
98406,6,2
98412,6,2
98418,6,2
98424,6,2
98430,6,2
98436,6,2
98442,6,2
98448,6,2
98454,6,2
98460,6,2
98466,6,2
98472,6,2
98478,6,2
98484,6,2
98490,6,2
98496,6,2
98502,6,2
98508,6,2
98514,6,2
98520,6,2
98526,6,2
98532,6,2
98538,6,2
98544,6,2
98550,6,2
98556,6,2
98562,6,2
98568,6,2
98574,6,2
98580,6,2
98586,6,2
98592,6,2
98598,6,2
98604,6,2
98610,6,2
98616,6,2
98622,6,2
98628,6,2
98634,6,2
98640,6,2
98646,6,2
98652,6,2
98658,6,2
98664,6,2
98670,6,2
98676,6,2
98682,6,2
98688,6,2
98694,6,2
98700,6,2
98706,6,2
98712,6,2
98718,6,2
98724,6,2
98730,6,2
98736,6,2
98742,6,2
98748,6,2
98754,6,2
98760,6,2
98766,6,2
98772,6,2
98778,6,2
98784,6,2
98790,6,2
98796,6,2
98802,6,2
98808,6,2
98814,6,2
98820,6,2
98826,6,2
98832,6,2
98838,6,2
98844,6,2
98850,6,2
98856,6,2
98862,6,2
98868,6,2
98874,6,2
98880,6,2
98886,6,2
98892,6,2
98898,6,2
98904,6,2
98910,6,2
98916,6,2
98922,6,2
98928,6,2
98934,6,2
98940,6,2
98946,6,2
98952,6,2
98958,6,2
98964,6,2
98970,6,2
98976,6,2
98982,6,2
98988,6,2
98994,6,2
99000,6,2
99006,6,2
99012,6,2
99018,6,2
99024,6,2
99030,6,2
99036,6,2
99042,6,2
99048,6,2
99054,6,2
99060,6,2
99066,6,2
99072,6,2
99078,6,2
99084,6,2
99090,6,2
99096,6,2
99102,6,2
99108,6,2
99114,6,2
99120,6,2
99126,6,2
99132,6,2
99138,6,2
99144,6,2
99150,6,2
99156,6,2
99162,6,2
99168,6,2
99174,6,2
99180,6,2
99186,6,2
99192,6,2
99198,6,2
99204,6,2
99210,6,2
99216,6,2
99222,6,2
99228,6,2
99234,6,2
99240,6,2
99246,6,2
99252,6,2
99258,6,2
99264,6,2
99270,6,2
99276,6,2
99282,6,2
99288,6,2
99294,6,2
99300,6,2
99306,6,2
99312,6,2
99318,6,2
99324,6,2
99330,6,2
99336,6,2
99342,6,2
99348,6,2
99354,6,2
99360,6,2
99366,6,2
99372,6,2
99378,6,2
99384,6,2
99390,6,2
99396,6,2
99402,6,2
99408,6,2
99414,6,2
99420,6,2
99426,6,2
99432,6,2
99438,6,2
99444,6,2
99450,6,2
99456,6,2
99462,6,2
99468,6,2
99474,6,2
99480,6,2
99486,6,2
99492,6,2
99498,6,2
99504,6,2
99510,6,2
99516,6,2
99522,6,2
99528,6,2
99534,6,2
99540,6,2
99546,6,2
99552,6,2
99558,6,2
99564,6,2
99570,6,2
99576,6,2
99582,6,2
99588,6,2
99594,6,2
99600,6,2
99606,6,2
99612,6,2
99618,6,2
99624,6,2
99630,6,2
99636,6,2
99642,6,2
99648,6,2
99654,6,2
99660,6,2
99666,6,2
99672,6,2
99678,6,2
99684,6,2
99690,6,2
99696,6,2
99702,6,2
99708,6,2
99714,6,2
99720,6,2
99726,6,2
99732,6,2
99738,6,2
99744,6,2
99750,6,2
99756,6,2
99762,6,2
99768,6,2
99774,6,2
99780,6,2
99786,6,2
99792,6,2
99798,6,2
99804,6,2
99810,6,2
99816,6,2
99822,6,2
99828,6,2
99834,6,2
99840,6,2
99846,6,2
99852,6,2
99858,6,2
99864,6,2
99870,6,2
99876,6,2
99882,6,2
99888,6,2
99894,6,2
99900,6,2
99906,6,2
99912,6,2
99918,6,2
99924,6,2
99930,6,2
99936,6,2
99942,6,2
99948,6,2
99954,6,2
99960,6,2
99966,6,2
99972,6,2
99978,6,2
99984,6,2
99990,6,2
99996,6,2
100002,6,2
100008,6,2
100014,6,2
100020,6,2
100026,6,2
100032,6,2
100038,6,2
100044,6,2
100050,6,2
100056,6,2
100062,6,2
100068,6,2
100074,6,2
100080,6,2
100086,6,2
100092,6,2
100098,6,2
100104,6,2
100110,6,2
100116,6,2
100122,6,2
100128,6,2
100134,6,2
100140,6,2
100146,6,2
100152,6,2
100158,6,2
100164,6,2
100170,6,2
100176,6,2
100182,6,2
100188,6,2
100194,6,2
100200,6,2
100206,6,2
100212,6,2
100218,6,2
100224,6,2
100230,6,2
100236,6,2
100242,6,2
100248,6,2
100254,6,2
100260,6,2
100266,6,2
100272,6,2
100278,6,2
100284,6,2
100290,6,2
100296,6,2
100302,6,2
100308,6,2
100314,6,2
100320,6,2
100326,6,2
100332,6,2
100338,6,2
100344,6,2
100350,6,2
100356,6,2
100362,6,2
100368,6,2
100374,6,2
100380,6,2
100386,6,2
100392,6,2
100398,6,2
100404,6,2
100410,6,2
100416,6,2
100422,6,2
100428,6,2
100434,6,2
100440,6,2
100446,6,2
100452,6,2
100458,6,2
100464,6,2
100470,6,2
100476,6,2
100482,6,2
100488,6,2
100494,6,2
100500,6,2
100506,6,2
100512,6,2
100518,6,2
100524,6,2
100530,6,2
100536,6,2
100542,6,2
100548,6,2
100554,6,2
100560,6,2
100566,6,2
100572,6,2
100578,6,2
100584,6,2
100590,6,2
100596,6,2
100602,6,2
100608,6,2
100614,6,2
100620,6,2
100626,6,2
100632,6,2
100638,6,2
100644,6,2
100650,6,2
100656,6,2
100662,6,2
100668,6,2
100674,6,2
100680,6,2
100686,6,2
100692,6,2
100698,6,2
100704,6,2
100710,6,2
100716,6,2
100722,6,2
100728,6,2
100734,6,2
100740,6,2
100746,6,2
100752,6,2
100758,6,2
100764,6,2
100770,6,2
100776,6,2
100782,6,2
100788,6,2
100794,6,2
100800,6,2
100806,6,2
100812,6,2
100818,6,2
100824,6,2
100830,6,2
100836,6,2
100842,6,2
100848,6,2
100854,6,2
100860,6,2
100866,6,2
100872,6,2
100878,6,2
100884,6,2
100890,6,2
100896,6,2
100902,6,2
100908,6,2
100914,6,2
100920,6,2
100926,6,2
100932,6,2
100938,6,2
100944,6,2
100950,6,2
100956,6,2
100962,6,2
100968,6,2
100974,6,2
100980,6,2
100986,6,2
100992,6,2
100998,6,2
101004,6,2
101010,6,2
101016,6,2
101022,6,2
101028,6,2
101034,6,2
101040,6,2
101046,6,2
101052,6,2
101058,6,2
101064,6,2
101070,6,2
101076,6,2
101082,6,2
101088,6,2
101094,6,2
101100,6,2
101106,6,2
101112,6,2
101118,6,2
101124,6,2
101130,6,2
101136,6,2
101142,6,2
101148,6,2
101154,6,2
101160,6,2
101166,6,2
101172,6,2
101178,6,2
101184,6,2
101190,6,2
101196,6,2
101202,6,2
101208,6,2
101214,6,2
101220,6,2
101226,6,2
101232,6,2
101238,6,2
101244,6,2
101250,6,2
101256,6,2
101262,6,2
101268,6,2
101274,6,2
101280,6,2
101286,6,2
101292,6,2
101298,6,2
101304,6,2
101310,6,2
101316,6,2
101322,6,2
101328,6,2
101334,6,2
101340,6,2
101346,6,2
101352,6,2
101358,6,2
101364,6,2
101370,6,2
101376,6,2
101382,6,2
101388,6,2
101394,6,2
101400,6,2
101406,6,2
101412,6,2
101418,6,2
101424,6,2
101430,6,2
101436,6,2
101442,6,2
101448,6,2
101454,6,2
101460,6,2
101466,6,2
101472,6,2
101478,6,2
101484,6,2
101490,6,2
101496,6,2
101502,6,2
101508,6,2
101514,6,2
101520,6,2
101526,6,2
101532,6,2
101538,6,2
101544,6,2
101550,6,2
101556,6,2
101562,6,2
101568,6,2
101574,6,2
101580,6,2
101586,6,2
101592,6,2
101598,6,2
101604,6,2
101610,6,2
101616,6,2
101622,6,2
101628,6,2
101634,6,2
101640,6,2
101646,6,2
101652,6,2
101658,6,2
101664,6,2
101670,6,2
101676,6,2
101682,6,2
101688,6,2
101694,6,2
101700,6,2
101706,6,2
101712,6,2
101718,6,2
101724,6,2
101730,6,2
101736,6,2
101742,6,2
101748,6,2
101754,6,2
101760,6,2
101766,6,2
101772,6,2
101778,6,2
101784,6,2
101790,6,2
101796,6,2
101802,6,2
101808,6,2
101814,6,2
101820,6,2
101826,6,2
101832,6,2
101838,6,2
101844,6,2
101850,6,2
101856,6,2
101862,6,2
101868,6,2
101874,6,2
101880,6,2
101886,6,2
101892,6,2
101898,6,2
101904,6,2
101910,6,2
101916,6,2
101922,6,2
101928,6,2
101934,6,2
101940,6,2
101946,6,2
101952,6,2
101958,6,2
101964,6,2
101970,6,2
101976,6,2
101982,6,2
101988,6,2
101994,6,2
102000,6,2
102006,6,2
102012,6,2
102018,6,2
102024,6,2
102030,6,2
102036,6,2
102042,6,2
102048,6,2
102054,6,2
102060,6,2
102066,6,2
102072,6,2
102078,6,2
102084,6,2
102090,6,2
102096,6,2
102102,6,2
102108,6,2
102114,6,2
102120,6,2
102126,6,2
102132,6,2
102138,6,2
102144,6,2
102150,6,2
102156,6,2
102162,6,2
102168,6,2
102174,6,2
102180,6,2
102186,6,2
102192,6,2
102198,6,2
102204,6,2
102210,6,2
102216,6,2
102222,6,2
102228,6,2
102234,6,2
102240,6,2
102246,6,2
102252,6,2
102258,6,2
102264,6,2
102270,6,2
102276,6,2
102282,6,2
102288,6,2
102294,6,2
102300,6,2
102306,6,2
102312,6,2
102318,6,2
102324,6,2
102330,6,2
102336,6,2
102342,6,2
102348,6,2
102354,6,2
102360,6,2
102366,6,2
102372,6,2
102378,6,2
102384,6,2
102390,6,2
102396,6,2
102402,6,2
102408,6,2
102414,6,2
102420,6,2
102426,6,2
102432,6,2
102438,6,2
102444,6,2
102450,6,2
102456,6,2
102462,6,2
102468,6,2
102474,6,2
102480,6,2
102486,6,2
102492,6,2
102498,6,2
102504,6,2
102510,6,2
102516,6,2
102522,6,2
102528,6,2
102534,6,2
102540,6,2
102546,6,2
102552,6,2
102558,6,2
102564,6,2
102570,6,2
102576,6,2
102582,6,2
102588,6,2
102594,6,2
102600,6,2
102606,6,2
102612,6,2
102618,6,2
102624,6,2
102630,6,2
102636,6,2
102642,6,2
102648,6,2
102654,6,2
102660,6,2
102666,6,2
102672,6,2
102678,6,2
102684,6,2
102690,6,2
102696,6,2
102702,6,2
102708,6,2
102714,6,2
102720,6,2
102726,6,2
102732,6,2
102738,6,2
102744,6,2
102750,6,2
102756,6,2
102762,6,2
102768,6,2
102774,6,2
102780,6,2
102786,6,2
102792,6,2
102798,6,2
102804,6,2
102810,6,2
102816,6,2
102822,6,2
102828,6,2
102834,6,2
102840,6,2
102846,6,2
102852,6,2
102858,6,2
102864,6,2
102870,6,2
102876,6,2
102882,6,2
102888,6,2
102894,6,2
102900,6,2
102906,6,2
102912,6,2
102918,6,2
102924,6,2
102930,6,2
102936,6,2
102942,6,2
102948,6,2
102954,6,2
102960,6,2
102966,6,2
102972,6,2
102978,6,2
102984,6,2
102990,6,2
102996,6,2
103002,6,2
103008,6,2
103014,6,2
103020,6,2
103026,6,2
103032,6,2
103038,6,2
103044,6,2
103050,6,2
103056,6,2
103062,6,2
103068,6,2
103074,6,2
103080,6,2
103086,6,2
103092,6,2
103098,6,2
103104,6,2
103110,6,2
103116,6,2
103122,6,2
103128,6,2
103134,6,2
103140,6,2
103146,6,2
103152,6,2
103158,6,2
103164,6,2
103170,6,2
103176,6,2
103182,6,2
103188,6,2
103194,6,2
103200,6,2
103206,6,2
103212,6,2
103218,6,2
103224,6,2
103230,6,2
103236,6,2
103242,6,2
103248,6,2
103254,6,2
103260,6,2
103266,6,2
103272,6,2
103278,6,2
103284,6,2
103290,6,2
103296,6,2
103302,6,2
103308,6,2
103314,6,2
103320,6,2
103326,6,2
103332,6,2
103338,6,2
103344,6,2
103350,6,2
103356,6,2
103362,6,2
103368,6,2
103374,6,2
103380,6,2
103386,6,2
103392,6,2
103398,6,2
103404,6,2
103410,6,2
103416,6,2
103422,6,2
103428,6,2
103434,6,2
103440,6,2
103446,6,2
103452,6,2
103458,6,2
103464,6,2
103470,6,2
103476,6,2
103482,6,2
103488,6,2
103494,6,2
103500,6,2
103506,6,2
103512,6,2
103518,6,2
103524,6,2
103530,6,2
103536,6,2
103542,6,2
103548,6,2
103554,6,2
103560,6,2
103566,6,2
103572,6,2
103578,6,2
103584,6,2
103590,6,2
103596,6,2
103602,6,2
103608,6,2
103614,6,2
103620,6,2
103626,6,2
103632,6,2
103638,6,2
103644,6,2
103650,6,2
103656,6,2
103662,6,2
103668,6,2
103674,6,2
103680,6,2
103686,6,2
103692,6,2
103698,6,2
103704,6,2
103710,6,2
103716,6,2
103722,6,2
103728,6,2
103734,6,2
103740,6,2
103746,6,2
103752,6,2
103758,6,2
103764,6,2
103770,6,2
103776,6,2
103782,6,2
103788,6,2
103794,6,2
103800,6,2
103806,6,2
103812,6,2
103818,6,2
103824,6,2
103830,6,2
103836,6,2
103842,6,2
103848,6,2
103854,6,2
103860,6,2
103866,6,2
103872,6,2
103878,6,2
103884,6,2
103890,6,2
103896,6,2
103902,6,2
103908,6,2
103914,6,2
103920,6,2
103926,6,2
103932,6,2
103938,6,2
103944,6,2
103950,6,2
103956,6,2
103962,6,2
103968,6,2
103974,6,2
103980,6,2
103986,6,2
103992,6,2
103998,6,2
104004,6,2
104010,6,2
104016,6,2
104022,6,2
104028,6,2
104034,6,2
104040,6,2
104046,6,2
104052,6,2
104058,6,2
104064,6,2
104070,6,2
104076,6,2
104082,6,2
104088,6,2
104094,6,2
104100,6,2
104106,6,2
104112,6,2
104118,6,2
104124,6,2
104130,6,2
104136,6,2
104142,6,2
104148,6,2
104154,6,2
104160,6,2
104166,6,2
104172,6,2
104178,6,2
104184,6,2
104190,6,2
104196,6,2
104202,6,2
104208,6,2
104214,6,2
104220,6,2
104226,6,2
104232,6,2
104238,6,2
104244,6,2
104250,6,2
104256,6,2
104262,6,2
104268,6,2
104274,6,2
104280,6,2
104286,6,2
104292,6,2
104298,6,2
104304,6,2
104310,6,2
104316,6,2
104322,6,2
104328,6,2
104334,6,2
104340,6,2
104346,6,2
104352,6,2
104358,6,2
104364,6,2
104370,6,2
104376,6,2
104382,6,2
104388,6,2
104394,6,2
104400,6,2
104406,6,2
104412,6,2
104418,6,2
104424,6,2
104430,6,2
104436,6,2
104442,6,2
104448,6,2
104454,6,2
104460,6,2
104466,6,2
104472,6,2
104478,6,2
104484,6,2
104490,6,2
104496,6,2
104502,6,2
104508,6,2
104514,6,2
104520,6,2
104526,6,2
104532,6,2
104538,6,2
104544,6,2
104550,6,2
104556,6,2
104562,6,2
104568,6,2
104574,6,2
104580,6,2
104586,6,2
104592,6,2
104598,6,2
104604,6,2
104610,6,2
104616,6,2
104622,6,2
104628,6,2
104634,6,2
104640,6,2
104646,6,2
104652,6,2
104658,6,2
104664,6,2
104670,6,2
104676,6,2
104682,6,2
104688,6,2
104694,6,2
104700,6,2
104706,6,2
104712,6,2
104718,6,2
104724,6,2
104730,6,2
104736,6,2
104742,6,2
104748,6,2
104754,6,2
104760,6,2
104766,6,2
104772,6,2
104778,6,2
104784,6,2
104790,6,2
104796,6,2
104802,6,2
104808,6,2
104814,6,2
104820,6,2
104826,6,2
104832,6,2
104838,6,2
104844,6,2
104850,6,2
104856,6,2
104862,6,2
104868,6,2
104874,6,2
104880,6,2
104886,6,2
104892,6,2
104898,6,2
104904,6,2
104910,6,2
104916,6,2
104922,6,2
104928,6,2
104934,6,2
104940,6,2
104946,6,2
104952,6,2
104958,6,2
104964,6,2
104970,6,2
104976,6,2
104982,6,2
104988,6,2
104994,6,2
105000,6,2
105006,6,2
105012,6,2
105018,6,2
105024,6,2
105030,6,2
105036,6,2
105042,6,2
105048,6,2
105054,6,2
105060,6,2
105066,6,2
105072,6,2
105078,6,2
105084,6,2
105090,6,2
105096,6,2
105102,6,2
105108,6,2
105114,6,2
105120,6,2
105126,6,2
105132,6,2
105138,6,2
105144,6,2
105150,6,2
105156,6,2
105162,6,2
105168,6,2
105174,6,2
105180,6,2
105186,6,2
105192,6,2
105198,6,2
105204,6,2
105210,6,2
105216,6,2
105222,6,2
105228,6,2
105234,6,2
105240,6,2
105246,6,2
105252,6,2
105258,6,2
105264,6,2
105270,6,2
105276,6,2
105282,6,2
105288,6,2
105294,6,2
105300,6,2
105306,6,2
105312,6,2
105318,6,2
105324,6,2
105330,6,2
105336,6,2
105342,6,2
105348,6,2
105354,6,2
105360,6,2
105366,6,2
105372,6,2
105378,6,2
105384,6,2
105390,6,2
105396,6,2
105402,6,2
105408,6,2
105414,6,2
105420,6,2
105426,6,2
105432,6,2
105438,6,2
105444,6,2
105450,6,2
105456,6,2
105462,6,2
105468,6,2
105474,6,2
105480,6,2
105486,6,2
105492,6,2
105498,6,2
105504,6,2
105510,6,2
105516,6,2
105522,6,2
105528,6,2
105534,6,2
105540,6,2
105546,6,2
105552,6,2
105558,6,2
105564,6,2
105570,6,2
105576,6,2
105582,6,2
105588,6,2
105594,6,2
105600,6,2
105606,6,2
105612,6,2
105618,6,2
105624,6,2
105630,6,2
105636,6,2
105642,6,2
105648,6,2
105654,6,2
105660,6,2
105666,6,2
105672,6,2
105678,6,2
105684,6,2
105690,6,2
105696,6,2
105702,6,2
105708,6,2
105714,6,2
105720,6,2
105726,6,2
105732,6,2
105738,6,2
105744,6,2
105750,6,2
105756,6,2
105762,6,2
105768,6,2
105774,6,2
105780,6,2
105786,6,2
105792,6,2
105798,6,2
105804,6,2
105810,6,2
105816,6,2
105822,6,2
105828,6,2
105834,6,2
105840,6,2
105846,6,2
105852,6,2
105858,6,2
105864,6,2
105870,6,2
105876,6,2
105882,6,2
105888,6,2
105894,6,2
105900,6,2
105906,6,2
105912,6,2
105918,6,2
105924,6,2
105930,6,2
105936,6,2
105942,6,2
105948,6,2
105954,6,2
105960,6,2
105966,6,2
105972,6,2
105978,6,2
105984,6,2
105990,6,2
105996,6,2
106002,6,2
106008,6,2
106014,6,2
106020,6,2
106026,6,2
106032,6,2
106038,6,2
106044,6,2
106050,6,2
106056,6,2
106062,6,2
106068,6,2
106074,6,2
106080,6,2
106086,6,2
106092,6,2
106098,6,2
106104,6,2
106110,6,2
106116,6,2
106122,6,2
106128,6,2
106134,6,2
106140,6,2
106146,6,2
106152,6,2
106158,6,2
106164,6,2
106170,6,2
106176,6,2
106182,6,2
106188,6,2
106194,6,2
106200,6,2
106206,6,2
106212,6,2
106218,6,2
106224,6,2
106230,6,2
106236,6,2
106242,6,2
106248,6,2
106254,6,2
106260,6,2
106266,6,2
106272,6,2
106278,6,2
106284,6,2
106290,6,2
106296,6,2
106302,6,2
106308,6,2
106314,6,2
106320,6,2
106326,6,2
106332,6,2
106338,6,2
106344,6,2
106350,6,2
106356,6,2
106362,6,2
106368,6,2
106374,6,2
106380,6,2
106386,6,2
106392,6,2
106398,6,2
106404,6,2
106410,6,2
106416,6,2
106422,6,2
106428,6,2
106434,6,2
106440,6,2
106446,6,2
106452,6,2
106458,6,2
106464,6,2
106470,6,2
106476,6,2
106482,6,2
106488,6,2
106494,6,2
106500,6,2
106506,6,2
106512,6,2
106518,6,2
106524,6,2
106530,6,2
106536,6,2
106542,6,2
106548,6,2
106554,6,2
106560,6,2
106566,6,2
106572,6,2
106578,6,2
106584,6,2
106590,6,2
106596,6,2
106602,6,2
106608,6,2
106614,6,2
106620,6,2
106626,6,2
106632,6,2
106638,6,2
106644,6,2
106650,6,2
106656,6,2
106662,6,2
106668,6,2
106674,6,2
106680,6,2
106686,6,2
106692,6,2
106698,6,2
106704,6,2
106710,6,2
106716,6,2
106722,6,2
106728,6,2
106734,6,2
106740,6,2
106746,6,2
106752,6,2
106758,6,2
106764,6,2
106770,6,2
106776,6,2
106782,6,2
106788,6,2
106794,6,2
106800,6,2
106806,6,2
106812,6,2
106818,6,2
106824,6,2
106830,6,2
106836,6,2
106842,6,2
106848,6,2
106854,6,2
106860,6,2
106866,6,2
106872,6,2
106878,6,2
106884,6,2
106890,6,2
106896,6,2
106902,6,2
106908,6,2
106914,6,2
106920,6,2
106926,6,2
106932,6,2
106938,6,2
106944,6,2
106950,6,2
106956,6,2
106962,6,2
106968,6,2
106974,6,2
106980,6,2
106986,6,2
106992,6,2
106998,6,2
107004,6,2
107010,6,2
107016,6,2
107022,6,2
107028,6,2
107034,6,2
107040,6,2
107046,6,2
107052,6,2
107058,6,2
107064,6,2
107070,6,2
107076,6,2
107082,6,2
107088,6,2
107094,6,2
107100,6,2
107106,6,2
107112,6,2
107118,6,2
107124,6,2
107130,6,2
107136,6,2
107142,6,2
107148,6,2
107154,6,2
107160,6,2
107166,6,2
107172,6,2
107178,6,2
107184,6,2
107190,6,2
107196,6,2
107202,6,2
107208,6,2
107214,6,2
107220,6,2
107226,6,2
107232,6,2
107238,6,2
107244,6,2
107250,6,2
107256,6,2
107262,6,2
107268,6,2
107274,6,2
107280,6,2
107286,6,2
107292,6,2
107298,6,2
107304,6,2
107310,6,2
107316,6,2
107322,6,2
107328,6,2
107334,6,2
107340,6,2
107346,6,2
107352,6,2
107358,6,2
107364,6,2
107370,6,2
107376,6,2
107382,6,2
107388,6,2
107394,6,2
107400,6,2
107406,6,2
107412,6,2
107418,6,2
107424,6,2
107430,6,2
107436,6,2
107442,6,2
107448,6,2
107454,6,2
107460,6,2
107466,6,2
107472,6,2
107478,6,2
107484,6,2
107490,6,2
107496,6,2
107502,6,2
107508,6,2
107514,6,2
107520,6,2
107526,6,2
107532,6,2
107538,6,2
107544,6,2
107550,6,2
107556,6,2
107562,6,2
107568,6,2
107574,6,2
107580,6,2
107586,6,2
107592,6,2
107598,6,2
107604,6,2
107610,6,2
107616,6,2
107622,6,2
107628,6,2
107634,6,2
107640,6,2
107646,6,2
107652,6,2
107658,6,2
107664,6,2
107670,6,2
107676,6,2
107682,6,2
107688,6,2
107694,6,2
107700,6,2
107706,6,2
107712,6,2
107718,6,2
107724,6,2
107730,6,2
107736,6,2
107742,6,2
107748,6,2
107754,6,2
107760,6,2
107766,6,2
107772,6,2
107778,6,2
107784,6,2
107790,6,2
107796,6,2
107802,6,2
107808,6,2
107814,6,2
107820,6,2
107826,6,2
107832,6,2
107838,6,2
107844,6,2
107850,6,2
107856,6,2
107862,6,2
107868,6,2
107874,6,2
107880,6,2
107886,6,2
107892,6,2
107898,6,2
107904,6,2
107910,6,2
107916,6,2
107922,6,2
107928,6,2
107934,6,2
107940,6,2
107946,6,2
107952,6,2
107958,6,2
107964,6,2
107970,6,2
107976,6,2
107982,6,2
107988,6,2
107994,6,2
108000,6,2
108006,6,2
108012,6,2
108018,6,2
108024,6,2
108030,6,2
108036,6,2
108042,6,2
108048,6,2
108054,6,2
108060,6,2
108066,6,2
108072,6,2
108078,6,2
108084,6,2
108090,6,2
108096,6,2
108102,6,2
108108,6,2
108114,6,2
108120,6,2
108126,6,2
108132,6,2
108138,6,2
108144,6,2
108150,6,2
108156,6,2
108162,6,2
108168,6,2
108174,6,2
108180,6,2
108186,6,2
108192,6,2
108198,6,2
108204,6,2
108210,6,2
108216,6,2
108222,6,2
108228,6,2
108234,6,2
108240,6,2
108246,6,2
108252,6,2
108258,6,2
108264,6,2
108270,6,2
108276,6,2
108282,6,2
108288,6,2
108294,6,2
108300,6,2
108306,6,2
108312,6,2
108318,6,2
108324,6,2
108330,6,2
108336,6,2
108342,6,2
108348,6,2
108354,6,2
108360,6,2
108366,6,2
108372,6,2
108378,6,2
108384,6,2
108390,6,2
108396,6,2
108402,6,2
108408,6,2
108414,6,2
108420,6,2
108426,6,2
108432,6,2
108438,6,2
108444,6,2
108450,6,2
108456,6,2
108462,6,2
108468,6,2
108474,6,2
108480,6,2
108486,6,2
108492,6,2
108498,6,2
108504,6,2
108510,6,2
108516,6,2
108522,6,2
108528,6,2
108534,6,2
108540,6,2
108546,6,2
108552,6,2
108558,6,2
108564,6,2
108570,6,2
108576,6,2
108582,6,2
108588,6,2
108594,6,2
108600,6,2
108606,6,2
108612,6,2
108618,6,2
108624,6,2
108630,6,2
108636,6,2
108642,6,2
108648,6,2
108654,6,2
108660,6,2
108666,6,2
108672,6,2
108678,6,2
108684,6,2
108690,6,2
108696,6,2
108702,6,2
108708,6,2
108714,6,2
108720,6,2
108726,6,2
108732,6,2
108738,6,2
108744,6,2
108750,6,2
108756,6,2
108762,6,2
108768,6,2
108774,6,2
108780,6,2
108786,6,2
108792,6,2
108798,6,2
108804,6,2
108810,6,2
108816,6,2
108822,6,2
108828,6,2
108834,6,2
108840,6,2
108846,6,2
108852,6,2
108858,6,2
108864,6,2
108870,6,2
108876,6,2
108882,6,2
108888,6,2
108894,6,2
108900,6,2
108906,6,2
108912,6,2
108918,6,2
108924,6,2
108930,6,2
108936,6,2
108942,6,2
108948,6,2
108954,6,2
108960,6,2
108966,6,2
108972,6,2
108978,6,2
108984,6,2
108990,6,2
108996,6,2
109002,6,2
109008,6,2
109014,6,2
109020,6,2
109026,6,2
109032,6,2
109038,6,2
109044,6,2
109050,6,2
109056,6,2
109062,6,2
109068,6,2
109074,6,2
109080,6,2
109086,6,2
109092,6,2
109098,6,2
109104,6,2
109110,6,2
109116,6,2
109122,6,2
109128,6,2
109134,6,2
109140,6,2
109146,6,2
109152,6,2
109158,6,2
109164,6,2
109170,6,2
109176,6,2
109182,6,2
109188,6,2
109194,6,2
109200,6,2
109206,6,2
109212,6,2
109218,6,2
109224,6,2
109230,6,2
109236,6,2
109242,6,2
109248,6,2
109254,6,2
109260,6,2
109266,6,2
109272,6,2
109278,6,2
109284,6,2
109290,6,2
109296,6,2
109302,6,2
109308,6,2
109314,6,2
109320,6,2
109326,6,2
109332,6,2
109338,6,2
109344,6,2
109350,6,2
109356,6,2
109362,6,2
109368,6,2
109374,6,2
109380,6,2
109386,6,2
109392,6,2
109398,6,2
109404,6,2
109410,6,2
109416,6,2
109422,6,2
109428,6,2
109434,6,2
109440,6,2
109446,6,2
109452,6,2
109458,6,2
109464,6,2
109470,6,2
109476,6,2
109482,6,2
109488,6,2
109494,6,2
109500,6,2
109506,6,2
109512,6,2
109518,6,2
109524,6,2
109530,6,2
109536,6,2
109542,6,2
109548,6,2
109554,6,2
109560,6,2
109566,6,2
109572,6,2
109578,6,2
109584,6,2
109590,6,2
109596,6,2
109602,6,2
109608,6,2
109614,6,2
109620,6,2
109626,6,2
109632,6,2
109638,6,2
109644,6,2
109650,6,2
109656,6,2
109662,6,2
109668,6,2
109674,6,2
109680,6,2
109686,6,2
109692,6,2
109698,6,2
109704,6,2
109710,6,2
109716,6,2
109722,6,2
109728,6,2
109734,6,2
109740,6,2
109746,6,2
109752,6,2
109758,6,2
109764,6,2
109770,6,2
109776,6,2
109782,6,2
109788,6,2
109794,6,2
109800,6,2
109806,6,2
109812,6,2
109818,6,2
109824,6,2
109830,6,2
109836,6,2
109842,6,2
109848,6,2
109854,6,2
109860,6,2
109866,6,2
109872,6,2
109878,6,2
109884,6,2
109890,6,2
109896,6,2
109902,6,2
109908,6,2
109914,6,2
109920,6,2
109926,6,2
109932,6,2
109938,6,2
109944,6,2
109950,6,2
109956,6,2
109962,6,2
109968,6,2
109974,6,2
109980,6,2
109986,6,2
109992,6,2
109998,6,2
110004,6,2
110010,6,2
110016,6,2
110022,6,2
110028,6,2
110034,6,2
110040,6,2
110046,6,2
110052,6,2
110058,6,2
110064,6,2
110070,6,2
110076,6,2
110082,6,2
110088,6,2
110094,6,2
110100,6,2
110106,6,2
110112,6,2
110118,6,2
110124,6,2
110130,6,2
110136,6,2
110142,6,2
110148,6,2
110154,6,2
110160,6,2
110166,6,2
110172,6,2
110178,6,2
110184,6,2
110190,6,2
110196,6,2
110202,6,2
110208,6,2
110214,6,2
110220,6,2
110226,6,2
110232,6,2
110238,6,2
110244,6,2
110250,6,2
110256,6,2
110262,6,2
110268,6,2
110274,6,2
110280,6,2
110286,6,2
110292,6,2
110298,6,2
110304,6,2
110310,6,2
110316,6,2
110322,6,2
110328,6,2
110334,6,2
110340,6,2
110346,6,2
110352,6,2
110358,6,2
110364,6,2
110370,6,2
110376,6,2
110382,6,2
110388,6,2
110394,6,2
110400,6,2
110406,6,2
110412,6,2
110418,6,2
110424,6,2
110430,6,2
110436,6,2
110442,6,2
110448,6,2
110454,6,2
110460,6,2
110466,6,2
110472,6,2
110478,6,2
110484,6,2
110490,6,2
110496,6,2
110502,6,2
110508,6,2
110514,6,2
110520,6,2
110526,6,2
110532,6,2
110538,6,2
110544,6,2
110550,6,2
110556,6,2
110562,6,2
110568,6,2
110574,6,2
110580,6,2
110586,6,2
110592,6,2
110598,6,2
110604,6,2
110610,6,2
110616,6,2
110622,6,2
110628,6,2
110634,6,2
110640,6,2
110646,6,2
110652,6,2
110658,6,2
110664,6,2
110670,6,2
110676,6,2
110682,6,2
110688,6,2
110694,6,2
110700,6,2
110706,6,2
110712,6,2
110718,6,2
110724,6,2
110730,6,2
110736,6,2
110742,6,2
110748,6,2
110754,6,2
110760,6,2
110766,6,2
110772,6,2
110778,6,2
110784,6,2
110790,6,2
110796,6,2
110802,6,2
110808,6,2
110814,6,2
110820,6,2
110826,6,2
110832,6,2
110838,6,2
110844,6,2
110850,6,2
110856,6,2
110862,6,2
110868,6,2
110874,6,2
110880,6,2
110886,6,2
110892,6,2
110898,6,2
110904,6,2
110910,6,2
110916,6,2
110922,6,2
110928,6,2
110934,6,2
110940,6,2
110946,6,2
110952,6,2
110958,6,2
110964,6,2
110970,6,2
110976,6,2
110982,6,2
110988,6,2
110994,6,2
111000,6,2
111006,6,2
111012,6,2
111018,6,2
111024,6,2
111030,6,2
111036,6,2
111042,6,2
111048,6,2
111054,6,2
111060,6,2
111066,6,2
111072,6,2
111078,6,2
111084,6,2
111090,6,2
111096,6,2
111102,6,2
111108,6,2
111114,6,2
111120,6,2
111126,6,2
111132,6,2
111138,6,2
111144,6,2
111150,6,2
111156,6,2
111162,6,2
111168,6,2
111174,6,2
111180,6,2
111186,6,2
111192,6,2
111198,6,2
111204,6,2
111210,6,2
111216,6,2
111222,6,2
111228,6,2
111234,6,2
111240,6,2
111246,6,2
111252,6,2
111258,6,2
111264,6,2
111270,6,2
111276,6,2
111282,6,2
111288,6,2
111294,6,2
111300,6,2
111306,6,2
111312,6,2
111318,6,2
111324,6,2
111330,6,2
111336,6,2
111342,6,2
111348,6,2
111354,6,2
111360,6,2
111366,6,2
111372,6,2
111378,6,2
111384,6,2
111390,6,2
111396,6,2
111402,6,2
111408,6,2
111414,6,2
111420,6,2
111426,6,2
111432,6,2
111438,6,2
111444,6,2
111450,6,2
111456,6,2
111462,6,2
111468,6,2
111474,6,2
111480,6,2
111486,6,2
111492,6,2
111498,6,2
111504,6,2
111510,6,2
111516,6,2
111522,6,2
111528,6,2
111534,6,2
111540,6,2
111546,6,2
111552,6,2
111558,6,2
111564,6,2
111570,6,2
111576,6,2
111582,6,2
111588,6,2
111594,6,2
111600,6,2
111606,6,2
111612,6,2
111618,6,2
111624,6,2
111630,6,2
111636,6,2
111642,6,2
111648,6,2
111654,6,2
111660,6,2
111666,6,2
111672,6,2
111678,6,2
111684,6,2
111690,6,2
111696,6,2
111702,6,2
111708,6,2
111714,6,2
111720,6,2
111726,6,2
111732,6,2
111738,6,2
111744,6,2
111750,6,2
111756,6,2
111762,6,2
111768,6,2
111774,6,2
111780,6,2
111786,6,2
111792,6,2
111798,6,2
111804,6,2
111810,6,2
111816,6,2
111822,6,2
111828,6,2
111834,6,2
111840,6,2
111846,6,2
111852,6,2
111858,6,2
111864,6,2
111870,6,2
111876,6,2
111882,6,2
111888,6,2
111894,6,2
111900,6,2
111906,6,2
111912,6,2
111918,6,2
111924,6,2
111930,6,2
111936,6,2
111942,6,2
111948,6,2
111954,6,2
111960,6,2
111966,6,2
111972,6,2
111978,6,2
111984,6,2
111990,6,2
111996,6,2
112002,6,2
112008,6,2
112014,6,2
112020,6,2
112026,6,2
112032,6,2
112038,6,2
112044,6,2
112050,6,2
112056,6,2
112062,6,2
112068,6,2
112074,6,2
112080,6,2
112086,6,2
112092,6,2
112098,6,2
112104,6,2
112110,6,2
112116,6,2
112122,6,2
112128,6,2
112134,6,2
112140,6,2
112146,6,2
112152,6,2
112158,6,2
112164,6,2
112170,6,2
112176,6,2
112182,6,2
112188,6,2
112194,6,2
112200,6,2
112206,6,2
112212,6,2
112218,6,2
112224,6,2
112230,6,2
112236,6,2
112242,6,2
112248,6,2
112254,6,2
112260,6,2
112266,6,2
112272,6,2
112278,6,2
112284,6,2
112290,6,2
112296,6,2
112302,6,2
112308,6,2
112314,6,2
112320,6,2
112326,6,2
112332,6,2
112338,6,2
112344,6,2
112350,6,2
112356,6,2
112362,6,2
112368,6,2
112374,6,2
112380,6,2
112386,6,2
112392,6,2
112398,6,2
112404,6,2
112410,6,2
112416,6,2
112422,6,2
112428,6,2
112434,6,2
112440,6,2
112446,6,2
112452,6,2
112458,6,2
112464,6,2
112470,6,2
112476,6,2
112482,6,2
112488,6,2
112494,6,2
112500,6,2
112506,6,2
112512,6,2
112518,6,2
112524,6,2
112530,6,2
112536,6,2
112542,6,2
112548,6,2
112554,6,2
112560,6,2
112566,6,2
112572,6,2
112578,6,2
112584,6,2
112590,6,2
112596,6,2
112602,6,2
112608,6,2
112614,6,2
112620,6,2
112626,6,2
112632,6,2
112638,6,2
112644,6,2
112650,6,2
112656,6,2
112662,6,2
112668,6,2
112674,6,2
112680,6,2
112686,6,2
112692,6,2
112698,6,2
112704,6,2
112710,6,2
112716,6,2
112722,6,2
112728,6,2
112734,6,2
112740,6,2
112746,6,2
112752,6,2
112758,6,2
112764,6,2
112770,6,2
112776,6,2
112782,6,2
112788,6,2
112794,6,2
112800,6,2
112806,6,2
112812,6,2
112818,6,2
112824,6,2
112830,6,2
112836,6,2
112842,6,2
112848,6,2
112854,6,2
112860,6,2
112866,6,2
112872,6,2
112878,6,2
112884,6,2
112890,6,2
112896,6,2
112902,6,2
112908,6,2
112914,6,2
112920,6,2
112926,6,2
112932,6,2
112938,6,2
112944,6,2
112950,6,2
112956,6,2
112962,6,2
112968,6,2
112974,6,2
112980,6,2
112986,6,2
112992,6,2
112998,6,2
113004,6,2
113010,6,2
113016,6,2
113022,6,2
113028,6,2
113034,6,2
113040,6,2
113046,6,2
113052,6,2
113058,6,2
113064,6,2
113070,6,2
113076,6,2
113082,6,2
113088,6,2
113094,6,2
113100,6,2
113106,6,2
113112,6,2
113118,6,2
113124,6,2
113130,6,2
113136,6,2
113142,6,2
113148,6,2
113154,6,2
113160,6,2
113166,6,2
113172,6,2
113178,6,2
113184,6,2
113190,6,2
113196,6,2
113202,6,2
113208,6,2
113214,6,2
113220,6,2
113226,6,2
113232,6,2
113238,6,2
113244,6,2
113250,6,2
113256,6,2
113262,6,2
113268,6,2
113274,6,2
113280,6,2
113286,6,2
113292,6,2
113298,6,2
113304,6,2
113310,6,2
113316,6,2
113322,6,2
113328,6,2
113334,6,2
113340,6,2
113346,6,2
113352,6,2
113358,6,2
113364,6,2
113370,6,2
113376,6,2
113382,6,2
113388,6,2
113394,6,2
113400,6,2
113406,6,2
113412,6,2
113418,6,2
113424,6,2
113430,6,2
113436,6,2
113442,6,2
113448,6,2
113454,6,2
113460,6,2
113466,6,2
113472,6,2
113478,6,2
113484,6,2
113490,6,2
113496,6,2
113502,6,2
113508,6,2
113514,6,2
113520,6,2
113526,6,2
113532,6,2
113538,6,2
113544,6,2
113550,6,2
113556,6,2
113562,6,2
113568,6,2
113574,6,2
113580,6,2
113586,6,2
113592,6,2
113598,6,2
113604,6,2
113610,6,2
113616,6,2
113622,6,2
113628,6,2
113634,6,2
113640,6,2
113646,6,2
113652,6,2
113658,6,2
113664,6,2
113670,6,2
113676,6,2
113682,6,2
113688,6,2
113694,6,2
113700,6,2
113706,6,2
113712,6,2
113718,6,2
113724,6,2
113730,6,2
113736,6,2
113742,6,2
113748,6,2
113754,6,2
113760,6,2
113766,6,2
113772,6,2
113778,6,2
113784,6,2
113790,6,2
113796,6,2
113802,6,2
113808,6,2
113814,6,2
113820,6,2
113826,6,2
113832,6,2
113838,6,2
113844,6,2
113850,6,2
113856,6,2
113862,6,2
113868,6,2
113874,6,2
113880,6,2
113886,6,2
113892,6,2
113898,6,2
113904,6,2
113910,6,2
113916,6,2
113922,6,2
113928,6,2
113934,6,2
113940,6,2
113946,6,2
113952,6,2
113958,6,2
113964,6,2
113970,6,2
113976,6,2
113982,6,2
113988,6,2
113994,6,2
114000,6,2
114006,6,2
114012,6,2
114018,6,2
114024,6,2
114030,6,2
114036,6,2
114042,6,2
114048,6,2
114054,6,2
114060,6,2
114066,6,2
114072,6,2
114078,6,2
114084,6,2
114090,6,2
114096,6,2
114102,6,2
114108,6,2
114114,6,2
114120,6,2
114126,6,2
114132,6,2
114138,6,2
114144,6,2
114150,6,2
114156,6,2
114162,6,2
114168,6,2
114174,6,2
114180,6,2
114186,6,2
114192,6,2
114198,6,2
114204,6,2
114210,6,2
114216,6,2
114222,6,2
114228,6,2
114234,6,2
114240,6,2
114246,6,2
114252,6,2
114258,6,2
114264,6,2
114270,6,2
114276,6,2
114282,6,2
114288,6,2
114294,6,2
114300,6,2
114306,6,2
114312,6,2
114318,6,2
114324,6,2
114330,6,2
114336,6,2
114342,6,2
114348,6,2
114354,6,2
114360,6,2
114366,6,2
114372,6,2
114378,6,2
114384,6,2
114390,6,2
114396,6,2
114402,6,2
114408,6,2
114414,6,2
114420,6,2
114426,6,2
114432,6,2
114438,6,2
114444,6,2
114450,6,2
114456,6,2
114462,6,2
114468,6,2
114474,6,2
114480,6,2
114486,6,2
114492,6,2
114498,6,2
114504,6,2
114510,6,2
114516,6,2
114522,6,2
114528,6,2
114534,6,2
114540,6,2
114546,6,2
114552,6,2
114558,6,2
114564,6,2
114570,6,2
114576,6,2
114582,6,2
114588,6,2
114594,6,2
114600,6,2
114606,6,2
114612,6,2
114618,6,2
114624,6,2
114630,6,2
114636,6,2
114642,6,2
114648,6,2
114654,6,2
114660,6,2
114666,6,2
114672,6,2
114678,6,2
114684,6,2
114690,6,2
114696,6,2
114702,6,2
114708,6,2
114714,6,2
114720,6,2
114726,6,2
114732,6,2
114738,6,2
114744,6,2
114750,6,2
114756,6,2
114762,6,2
114768,6,2
114774,6,2
114780,6,2
114786,6,2
114792,6,2
114798,6,2
114804,6,2
114810,6,2
114816,6,2
114822,6,2
114828,6,2
114834,6,2
114840,6,2
114846,6,2
114852,6,2
114858,6,2
114864,6,2
114870,6,2
114876,6,2
114882,6,2
114888,6,2
114894,6,2
114900,6,2
114906,6,2
114912,6,2
114918,6,2
114924,6,2
114930,6,2
114936,6,2
114942,6,2
114948,6,2
114954,6,2
114960,6,2
114966,6,2
114972,6,2
114978,6,2
114984,6,2
114990,6,2
114996,6,2
115002,6,2
115008,6,2
115014,6,2
115020,6,2
115026,6,2
115032,6,2
115038,6,2
115044,6,2
115050,6,2
115056,6,2
115062,6,2
115068,6,2
115074,6,2
115080,6,2
115086,6,2
115092,6,2
115098,6,2
115104,6,2
115110,6,2
115116,6,2
115122,6,2
115128,6,2
115134,6,2
115140,6,2
115146,6,2
115152,6,2
115158,6,2
115164,6,2
115170,6,2
115176,6,2
115182,6,2
115188,6,2
115194,6,2
115200,6,2
115206,6,2
115212,6,2
115218,6,2
115224,6,2
115230,6,2
115236,6,2
115242,6,2
115248,6,2
115254,6,2
115260,6,2
115266,6,2
115272,6,2
115278,6,2
115284,6,2
115290,6,2
115296,6,2
115302,6,2
115308,6,2
115314,6,2
115320,6,2
115326,6,2
115332,6,2
115338,6,2
115344,6,2
115350,6,2
115356,6,2
115362,6,2
115368,6,2
115374,6,2
115380,6,2
115386,6,2
115392,6,2
115398,6,2
115404,6,2
115410,6,2
115416,6,2
115422,6,2
115428,6,2
115434,6,2
115440,6,2
115446,6,2
115452,6,2
115458,6,2
115464,6,2
115470,6,2
115476,6,2
115482,6,2
115488,6,2
115494,6,2
115500,6,2
115506,6,2
115512,6,2
115518,6,2
115524,6,2
115530,6,2
115536,6,2
115542,6,2
115548,6,2
115554,6,2
115560,6,2
115566,6,2
115572,6,2
115578,6,2
115584,6,2
115590,6,2
115596,6,2
115602,6,2
115608,6,2
115614,6,2
115620,6,2
115626,6,2
115632,6,2
115638,6,2
115644,6,2
115650,6,2
115656,6,2
115662,6,2
115668,6,2
115674,6,2
115680,6,2
115686,6,2
115692,6,2
115698,6,2
115704,6,2
115710,6,2
115716,6,2
115722,6,2
115728,6,2
115734,6,2
115740,6,2
115746,6,2
115752,6,2
115758,6,2
115764,6,2
115770,6,2
115776,6,2
115782,6,2
115788,6,2
115794,6,2
115800,6,2
115806,6,2
115812,6,2
115818,6,2
115824,6,2
115830,6,2
115836,6,2
115842,6,2
115848,6,2
115854,6,2
115860,6,2
115866,6,2
115872,6,2
115878,6,2
115884,6,2
115890,6,2
115896,6,2
115902,6,2
115908,6,2
115914,6,2
115920,6,2
115926,6,2
115932,6,2
115938,6,2
115944,6,2
115950,6,2
115956,6,2
115962,6,2
115968,6,2
115974,6,2
115980,6,2
115986,6,2
115992,6,2
115998,6,2
116004,6,2
116010,6,2
116016,6,2
116022,6,2
116028,6,2
116034,6,2
116040,6,2
116046,6,2
116052,6,2
116058,6,2
116064,6,2
116070,6,2
116076,6,2
116082,6,2
116088,6,2
116094,6,2
116100,6,2
116106,6,2
116112,6,2
116118,6,2
116124,6,2
116130,6,2
116136,6,2
116142,6,2
116148,6,2
116154,6,2
116160,6,2
116166,6,2
116172,6,2
116178,6,2
116184,6,2
116190,6,2
116196,6,2
116202,6,2
116208,6,2
116214,6,2
116220,6,2
116226,6,2
116232,6,2
116238,6,2
116244,6,2
116250,6,2
116256,6,2
116262,6,2
116268,6,2
116274,6,2
116280,6,2
116286,6,2
116292,6,2
116298,6,2
116304,6,2
116310,6,2
116316,6,2
116322,6,2
116328,6,2
116334,6,2
116340,6,2
116346,6,2
116352,6,2
116358,6,2
116364,6,2
116370,6,2
116376,6,2
116382,6,2
116388,6,2
116394,6,2
116400,6,2
116406,6,2
116412,6,2
116418,6,2
116424,6,2
116430,6,2
116436,6,2
116442,6,2
116448,6,2
116454,6,2
116460,6,2
116466,6,2
116472,6,2
116478,6,2
116484,6,2
116490,6,2
116496,6,2
116502,6,2
116508,6,2
116514,6,2
116520,6,2
116526,6,2
116532,6,2
116538,6,2
116544,6,2
116550,6,2
116556,6,2
116562,6,2
116568,6,2
116574,6,2
116580,6,2
116586,6,2
116592,6,2
116598,6,2
116604,6,2
116610,6,2
116616,6,2
116622,6,2
116628,6,2
116634,6,2
116640,6,2
116646,6,2
116652,6,2
116658,6,2
116664,6,2
116670,6,2
116676,6,2
116682,6,2
116688,6,2
116694,6,2
116700,6,2
116706,6,2
116712,6,2
116718,6,2
116724,6,2
116730,6,2
116736,6,2
116742,6,2
116748,6,2
116754,6,2
116760,6,2
116766,6,2
116772,6,2
116778,6,2
116784,6,2
116790,6,2
116796,6,2
116802,6,2
116808,6,2
116814,6,2
116820,6,2
116826,6,2
116832,6,2
116838,6,2
116844,6,2
116850,6,2
116856,6,2
116862,6,2
116868,6,2
116874,6,2
116880,6,2
116886,6,2
116892,6,2
116898,6,2
116904,6,2
116910,6,2
116916,6,2
116922,6,2
116928,6,2
116934,6,2
116940,6,2
116946,6,2
116952,6,2
116958,6,2
116964,6,2
116970,6,2
116976,6,2
116982,6,2
116988,6,2
116994,6,2
117000,6,2
117006,6,2
117012,6,2
117018,6,2
117024,6,2
117030,6,2
117036,6,2
117042,6,2
117048,6,2
117054,6,2
117060,6,2
117066,6,2
117072,6,2
117078,6,2
117084,6,2
117090,6,2
117096,6,2
117102,6,2
117108,6,2
117114,6,2
117120,6,2
117126,6,2
117132,6,2
117138,6,2
117144,6,2
117150,6,2
117156,6,2
117162,6,2
117168,6,2
117174,6,2
117180,6,2
117186,6,2
117192,6,2
117198,6,2
117204,6,2
117210,6,2
117216,6,2
117222,6,2
117228,6,2
117234,6,2
117240,6,2
117246,6,2
117252,6,2
117258,6,2
117264,6,2
117270,6,2
117276,6,2
117282,6,2
117288,6,2
117294,6,2
117300,6,2
117306,6,2
117312,6,2
117318,6,2
117324,6,2
117330,6,2
117336,6,2
117342,6,2
117348,6,2
117354,6,2
117360,6,2
117366,6,2
117372,6,2
117378,6,2
117384,6,2
117390,6,2
117396,6,2
117402,6,2
117408,6,2
117414,6,2
117420,6,2
117426,6,2
117432,6,2
117438,6,2
117444,6,2
117450,6,2
117456,6,2
117462,6,2
117468,6,2
117474,6,2
117480,6,2
117486,6,2
117492,6,2
117498,6,2
117504,6,2
117510,6,2
117516,6,2
117522,6,2
117528,6,2
117534,6,2
117540,6,2
117546,6,2
117552,6,2
117558,6,2
117564,6,2
117570,6,2
117576,6,2
117582,6,2
117588,6,2
117594,6,2
117600,6,2
117606,6,2
117612,6,2
117618,6,2
117624,6,2
117630,6,2
117636,6,2
117642,6,2
117648,6,2
117654,6,2
117660,6,2
117666,6,2
117672,6,2
117678,6,2
117684,6,2
117690,6,2
117696,6,2
117702,6,2
117708,6,2
117714,6,2
117720,6,2
117726,6,2
117732,6,2
117738,6,2
117744,6,2
117750,6,2
117756,6,2
117762,6,2
117768,6,2
117774,6,2
117780,6,2
117786,6,2
117792,6,2
117798,6,2
117804,6,2
117810,6,2
117816,6,2
117822,6,2
117828,6,2
117834,6,2
117840,6,2
117846,6,2
117852,6,2
117858,6,2
117864,6,2
117870,6,2
117876,6,2
117882,6,2
117888,6,2
117894,6,2
117900,6,2
117906,6,2
117912,6,2
117918,6,2
117924,6,2
117930,6,2
117936,6,2
117942,6,2
117948,6,2
117954,6,2
117960,6,2
117966,6,2
117972,6,2
117978,6,2
117984,6,2
117990,6,2
117996,6,2
118002,6,2
118008,6,2
118014,6,2
118020,6,2
118026,6,2
118032,6,2
118038,6,2
118044,6,2
118050,6,2
118056,6,2
118062,6,2
118068,6,2
118074,6,2
118080,6,2
118086,6,2
118092,6,2
118098,6,2
118104,6,2
118110,6,2
118116,6,2
118122,6,2
118128,6,2
118134,6,2
118140,6,2
118146,6,2
118152,6,2
118158,6,2
118164,6,2
118170,6,2
118176,6,2
118182,6,2
118188,6,2
118194,6,2
118200,6,2
118206,6,2
118212,6,2
118218,6,2
118224,6,2
118230,6,2
118236,6,2
118242,6,2
118248,6,2
118254,6,2
118260,6,2
118266,6,2
118272,6,2
118278,6,2
118284,6,2
118290,6,2
118296,6,2
118302,6,2
118308,6,2
118314,6,2
118320,6,2
118326,6,2
118332,6,2
118338,6,2
118344,6,2
118350,6,2
118356,6,2
118362,6,2
118368,6,2
118374,6,2
118380,6,2
118386,6,2
118392,6,2
118398,6,2
118404,6,2
118410,6,2
118416,6,2
118422,6,2
118428,6,2
118434,6,2
118440,6,2
118446,6,2
118452,6,2
118458,6,2
118464,6,2
118470,6,2
118476,6,2
118482,6,2
118488,6,2
118494,6,2
118500,6,2
118506,6,2
118512,6,2
118518,6,2
118524,6,2
118530,6,2
118536,6,2
118542,6,2
118548,6,2
118554,6,2
118560,6,2
118566,6,2
118572,6,2
118578,6,2
118584,6,2
118590,6,2
118596,6,2
118602,6,2
118608,6,2
118614,6,2
118620,6,2
118626,6,2
118632,6,2
118638,6,2
118644,6,2
118650,6,2
118656,6,2
118662,6,2
118668,6,2
118674,6,2
118680,6,2
118686,6,2
118692,6,2
118698,6,2
118704,6,2
118710,6,2
118716,6,2
118722,6,2
118728,6,2
118734,6,2
118740,6,2
118746,6,2
118752,6,2
118758,6,2
118764,6,2
118770,6,2
118776,6,2
118782,6,2
118788,6,2
118794,6,2
118800,6,2
118806,6,2
118812,6,2
118818,6,2
118824,6,2
118830,6,2
118836,6,2
118842,6,2
118848,6,2
118854,6,2
118860,6,2
118866,6,2
118872,6,2
118878,6,2
118884,6,2
118890,6,2
118896,6,2
118902,6,2
118908,6,2
118914,6,2
118920,6,2
118926,6,2
118932,6,2
118938,6,2
118944,6,2
118950,6,2
118956,6,2
118962,6,2
118968,6,2
118974,6,2
118980,6,2
118986,6,2
118992,6,2
118998,6,2
119004,6,2
119010,6,2
119016,6,2
119022,6,2
119028,6,2
119034,6,2
119040,6,2
119046,6,2
119052,6,2
119058,6,2
119064,6,2
119070,6,2
119076,6,2
119082,6,2
119088,6,2
119094,6,2
119100,6,2
119106,6,2
119112,6,2
119118,6,2
119124,6,2
119130,6,2
119136,6,2
119142,6,2
119148,6,2
119154,6,2
119160,6,2
119166,6,2
119172,6,2
119178,6,2
119184,6,2
119190,6,2
119196,6,2
119202,6,2
119208,6,2
119214,6,2
119220,6,2
119226,6,2
119232,6,2
119238,6,2
119244,6,2
119250,6,2
119256,6,2
119262,6,2
119268,6,2
119274,6,2
119280,6,2
119286,6,2
119292,6,2
119298,6,2
119304,6,2
119310,6,2
119316,6,2
119322,6,2
119328,6,2
119334,6,2
119340,6,2
119346,6,2
119352,6,2
119358,6,2
119364,6,2
119370,6,2
119376,6,2
119382,6,2
119388,6,2
119394,6,2
119400,6,2
119406,6,2
119412,6,2
119418,6,2
119424,6,2
119430,6,2
119436,6,2
119442,6,2
119448,6,2
119454,6,2
119460,6,2
119466,6,2
119472,6,2
119478,6,2
119484,6,2
119490,6,2
119496,6,2
119502,6,2
119508,6,2
119514,6,2
119520,6,2
119526,6,2
119532,6,2
119538,6,2
119544,6,2
119550,6,2
119556,6,2
119562,6,2
119568,6,2
119574,6,2
119580,6,2
119586,6,2
119592,6,2
119598,6,2
119604,6,2
119610,6,2
119616,6,2
119622,6,2
119628,6,2
119634,6,2
119640,6,2
119646,6,2
119652,6,2
119658,6,2
119664,6,2
119670,6,2
119676,6,2
119682,6,2
119688,6,2
119694,6,2
119700,6,2
119706,6,2
119712,6,2
119718,6,2
119724,6,2
119730,6,2
119736,6,2
119742,6,2
119748,6,2
119754,6,2
119760,6,2
119766,6,2
119772,6,2
119778,6,2
119784,6,2
119790,6,2
119796,6,2
119802,6,2
119808,6,2
119814,6,2
119820,6,2
119826,6,2
119832,6,2
119838,6,2
119844,6,2
119850,6,2
119856,6,2
119862,6,2
119868,6,2
119874,6,2
119880,6,2
119886,6,2
119892,6,2
119898,6,2
119904,6,2
119910,6,2
119916,6,2
119922,6,2
119928,6,2
119934,6,2
119940,6,2
119946,6,2
119952,6,2
119958,6,2
119964,6,2
119970,6,2
119976,6,2
119982,6,2
119988,6,2
119994,6,2
120000,6,2
120006,6,2
120012,6,2
120018,6,2
120024,6,2
120030,6,2
120036,6,2
120042,6,2
120048,6,2
120054,6,2
120060,6,2
120066,6,2
120072,6,2
120078,6,2
120084,6,2
120090,6,2
120096,6,2
120102,6,2
120108,6,2
120114,6,2
120120,6,2
120126,6,2
120132,6,2
120138,6,2
120144,6,2
120150,6,2
120156,6,2
120162,6,2
120168,6,2
120174,6,2
120180,6,2
120186,6,2
120192,6,2
120198,6,2
120204,6,2
120210,6,2
120216,6,2
120222,6,2
120228,6,2
120234,6,2
120240,6,2
120246,6,2
120252,6,2
120258,6,2
120264,6,2
120270,6,2
120276,6,2
120282,6,2
120288,6,2
120294,6,2
120300,6,2
120306,6,2
120312,6,2
120318,6,2
120324,6,2
120330,6,2
120336,6,2
120342,6,2
120348,6,2
120354,6,2
120360,6,2
120366,6,2
120372,6,2
120378,6,2
120384,6,2
120390,6,2
120396,6,2
120402,6,2
120408,6,2
120414,6,2
120420,6,2
120426,6,2
120432,6,2
120438,6,2
120444,6,2
120450,6,2
120456,6,2
120462,6,2
120468,6,2
120474,6,2
120480,6,2
120486,6,2
120492,6,2
120498,6,2
120504,6,2
120510,6,2
120516,6,2
120522,6,2
120528,6,2
120534,6,2
120540,6,2
120546,6,2
120552,6,2
120558,6,2
120564,6,2
120570,6,2
120576,6,2
120582,6,2
120588,6,2
120594,6,2
120600,6,2
120606,6,2
120612,6,2
120618,6,2
120624,6,2
120630,6,2
120636,6,2
120642,6,2
120648,6,2
120654,6,2
120660,6,2
120666,6,2
120672,6,2
120678,6,2
120684,6,2
120690,6,2
120696,6,2
120702,6,2
120708,6,2
120714,6,2
120720,6,2
120726,6,2
120732,6,2
120738,6,2
120744,6,2
120750,6,2
120756,6,2
120762,6,2
120768,6,2
120774,6,2
120780,6,2
120786,6,2
120792,6,2
120798,6,2
120804,6,2
120810,6,2
120816,6,2
120822,6,2
120828,6,2
120834,6,2
120840,6,2
120846,6,2
120852,6,2
120858,6,2
120864,6,2
120870,6,2
120876,6,2
120882,6,2
120888,6,2
120894,6,2
120900,6,2
120906,6,2
120912,6,2
120918,6,2
120924,6,2
120930,6,2
120936,6,2
120942,6,2
120948,6,2
120954,6,2
120960,6,2
120966,6,2
120972,6,2
120978,6,2
120984,6,2
120990,6,2
120996,6,2
121002,6,2
121008,6,2
121014,6,2
121020,6,2
121026,6,2
121032,6,2
121038,6,2
121044,6,2
121050,6,2
121056,6,2
121062,6,2
121068,6,2
121074,6,2
121080,6,2
121086,6,2
121092,6,2
121098,6,2
121104,6,2
121110,6,2
121116,6,2
121122,6,2
121128,6,2
121134,6,2
121140,6,2
121146,6,2
121152,6,2
121158,6,2
121164,6,2
121170,6,2
121176,6,2
121182,6,2
121188,6,2
121194,6,2
121200,6,2
121206,6,2
121212,6,2
121218,6,2
121224,6,2
121230,6,2
121236,6,2
121242,6,2
121248,6,2
121254,6,2
121260,6,2
121266,6,2
121272,6,2
121278,6,2
121284,6,2
121290,6,2
121296,6,2
121302,6,2
121308,6,2
121314,6,2
121320,6,2
121326,6,2
121332,6,2
121338,6,2
121344,6,2
121350,6,2
121356,6,2
121362,6,2
121368,6,2
121374,6,2
121380,6,2
121386,6,2
121392,6,2
121398,6,2
121404,6,2
121410,6,2
121416,6,2
121422,6,2
121428,6,2
121434,6,2
121440,6,2
121446,6,2
121452,6,2
121458,6,2
121464,6,2
121470,6,2
121476,6,2
121482,6,2
121488,6,2
121494,6,2
121500,6,2
121506,6,2
121512,6,2
121518,6,2
121524,6,2
121530,6,2
121536,6,2
121542,6,2
121548,6,2
121554,6,2
121560,6,2
121566,6,2
121572,6,2
121578,6,2
121584,6,2
121590,6,2
121596,6,2
121602,6,2
121608,6,2
121614,6,2
121620,6,2
121626,6,2
121632,6,2
121638,6,2
121644,6,2
121650,6,2
121656,6,2
121662,6,2
121668,6,2
121674,6,2
121680,6,2
121686,6,2
121692,6,2
121698,6,2
121704,6,2
121710,6,2
121716,6,2
121722,6,2
121728,6,2
121734,6,2
121740,6,2
121746,6,2
121752,6,2
121758,6,2
121764,6,2
121770,6,2
121776,6,2
121782,6,2
121788,6,2
121794,6,2
121800,6,2
121806,6,2
121812,6,2
121818,6,2
121824,6,2
121830,6,2
121836,6,2
121842,6,2
121848,6,2
121854,6,2
121860,6,2
121866,6,2
121872,6,2
121878,6,2
121884,6,2
121890,6,2
121896,6,2
121902,6,2
121908,6,2
121914,6,2
121920,6,2
121926,6,2
121932,6,2
121938,6,2
121944,6,2
121950,6,2
121956,6,2
121962,6,2
121968,6,2
121974,6,2
121980,6,2
121986,6,2
121992,6,2
121998,6,2
122004,6,2
122010,6,2
122016,6,2
122022,6,2
122028,6,2
122034,6,2
122040,6,2
122046,6,2
122052,6,2
122058,6,2
122064,6,2
122070,6,2
122076,6,2
122082,6,2
122088,6,2
122094,6,2
122100,6,2
122106,6,2
122112,6,2
122118,6,2
122124,6,2
122130,6,2
122136,6,2
122142,6,2
122148,6,2
122154,6,2
122160,6,2
122166,6,2
122172,6,2
122178,6,2
122184,6,2
122190,6,2
122196,6,2
122202,6,2
122208,6,2
122214,6,2
122220,6,2
122226,6,2
122232,6,2
122238,6,2
122244,6,2
122250,6,2
122256,6,2
122262,6,2
122268,6,2
122274,6,2
122280,6,2
122286,6,2
122292,6,2
122298,6,2
122304,6,2
122310,6,2
122316,6,2
122322,6,2
122328,6,2
122334,6,2
122340,6,2
122346,6,2
122352,6,2
122358,6,2
122364,6,2
122370,6,2
122376,6,2
122382,6,2
122388,6,2
122394,6,2
122400,6,2
122406,6,2
122412,6,2
122418,6,2
122424,6,2
122430,6,2
122436,6,2
122442,6,2
122448,6,2
122454,6,2
122460,6,2
122466,6,2
122472,6,2
122478,6,2
122484,6,2
122490,6,2
122496,6,2
122502,6,2
122508,6,2
122514,6,2
122520,6,2
122526,6,2
122532,6,2
122538,6,2
122544,6,2
122550,6,2
122556,6,2
122562,6,2
122568,6,2
122574,6,2
122580,6,2
122586,6,2
122592,6,2
122598,6,2
122604,6,2
122610,6,2
122616,6,2
122622,6,2
122628,6,2
122634,6,2
122640,6,2
122646,6,2
122652,6,2
122658,6,2
122664,6,2
122670,6,2
122676,6,2
122682,6,2
122688,6,2
122694,6,2
122700,6,2
122706,6,2
122712,6,2
122718,6,2
122724,6,2
122730,6,2
122736,6,2
122742,6,2
122748,6,2
122754,6,2
122760,6,2
122766,6,2
122772,6,2
122778,6,2
122784,6,2
122790,6,2
122796,6,2
122802,6,2
122808,6,2
122814,6,2
122820,6,2
122826,6,2
122832,6,2
122838,6,2
122844,6,2
122850,6,2
122856,6,2
122862,6,2
122868,6,2
122874,6,2
122880,6,2
122886,6,2
122892,6,2
122898,6,2
122904,6,2
122910,6,2
122916,6,2
122922,6,2
122928,6,2
122934,6,2
122940,6,2
122946,6,2
122952,6,2
122958,6,2
122964,6,2
122970,6,2
122976,6,2
122982,6,2
122988,6,2
122994,6,2
123000,6,2
123006,6,2
123012,6,2
123018,6,2
123024,6,2
123030,6,2
123036,6,2
123042,6,2
123048,6,2
123054,6,2
123060,6,2
123066,6,2
123072,6,2
123078,6,2
123084,6,2
123090,6,2
123096,6,2
123102,6,2
123108,6,2
123114,6,2
123120,6,2
123126,6,2
123132,6,2
123138,6,2
123144,6,2
123150,6,2
123156,6,2
123162,6,2
123168,6,2
123174,6,2
123180,6,2
123186,6,2
123192,6,2
123198,6,2
123204,6,2
123210,6,2
123216,6,2
123222,6,2
123228,6,2
123234,6,2
123240,6,2
123246,6,2
123252,6,2
123258,6,2
123264,6,2
123270,6,2
123276,6,2
123282,6,2
123288,6,2
123294,6,2
123300,6,2
123306,6,2
123312,6,2
123318,6,2
123324,6,2
123330,6,2
123336,6,2
123342,6,2
123348,6,2
123354,6,2
123360,6,2
123366,6,2
123372,6,2
123378,6,2
123384,6,2
123390,6,2
123396,6,2
123402,6,2
123408,6,2
123414,6,2
123420,6,2
123426,6,2
123432,6,2
123438,6,2
123444,6,2
123450,6,2
123456,6,2
123462,6,2
123468,6,2
123474,6,2
123480,6,2
123486,6,2
123492,6,2
123498,6,2
123504,6,2
123510,6,2
123516,6,2
123522,6,2
123528,6,2
123534,6,2
123540,6,2
123546,6,2
123552,6,2
123558,6,2
123564,6,2
123570,6,2
123576,6,2
123582,6,2
123588,6,2
123594,6,2
123600,6,2
123606,6,2
123612,6,2
123618,6,2
123624,6,2
123630,6,2
123636,6,2
123642,6,2
123648,6,2
123654,6,2
123660,6,2
123666,6,2
123672,6,2
123678,6,2
123684,6,2
123690,6,2
123696,6,2
123702,6,2
123708,6,2
123714,6,2
123720,6,2
123726,6,2
123732,6,2
123738,6,2
123744,6,2
123750,6,2
123756,6,2
123762,6,2
123768,6,2
123774,6,2
123780,6,2
123786,6,2
123792,6,2
123798,6,2
123804,6,2
123810,6,2
123816,6,2
123822,6,2
123828,6,2
123834,6,2
123840,6,2
123846,6,2
123852,6,2
123858,6,2
123864,6,2
123870,6,2
123876,6,2
123882,6,2
123888,6,2
123894,6,2
123900,6,2
123906,6,2
123912,6,2
123918,6,2
123924,6,2
123930,6,2
123936,6,2
123942,6,2
123948,6,2
123954,6,2
123960,6,2
123966,6,2
123972,6,2
123978,6,2
123984,6,2
123990,6,2
123996,6,2
124002,6,2
124008,6,2
124014,6,2
124020,6,2
124026,6,2
124032,6,2
124038,6,2
124044,6,2
124050,6,2
124056,6,2
124062,6,2
124068,6,2
124074,6,2
124080,6,2
124086,6,2
124092,6,2
124098,6,2
124104,6,2
124110,6,2
124116,6,2
124122,6,2
124128,6,2
124134,6,2
124140,6,2
124146,6,2
124152,6,2
124158,6,2
124164,6,2
124170,6,2
124176,6,2
124182,6,2
124188,6,2
124194,6,2
124200,6,2
124206,6,2
124212,6,2
124218,6,2
124224,6,2
124230,6,2
124236,6,2
124242,6,2
124248,6,2
124254,6,2
124260,6,2
124266,6,2
124272,6,2
124278,6,2
124284,6,2
124290,6,2
124296,6,2
124302,6,2
124308,6,2
124314,6,2
124320,6,2
124326,6,2
124332,6,2
124338,6,2
124344,6,2
124350,6,2
124356,6,2
124362,6,2
124368,6,2
124374,6,2
124380,6,2
124386,6,2
124392,6,2
124398,6,2
124404,6,2
124410,6,2
124416,6,2
124422,6,2
124428,6,2
124434,6,2
124440,6,2
124446,6,2
124452,6,2
124458,6,2
124464,6,2
124470,6,2
124476,6,2
124482,6,2
124488,6,2
124494,6,2
124500,6,2
124506,6,2
124512,6,2
124518,6,2
124524,6,2
124530,6,2
124536,6,2
124542,6,2
124548,6,2
124554,6,2
124560,6,2
124566,6,2
124572,6,2
124578,6,2
124584,6,2
124590,6,2
124596,6,2
124602,6,2
124608,6,2
124614,6,2
124620,6,2
124626,6,2
124632,6,2
124638,6,2
124644,6,2
124650,6,2
124656,6,2
124662,6,2
124668,6,2
124674,6,2
124680,6,2
124686,6,2
124692,6,2
124698,6,2
124704,6,2
124710,6,2
124716,6,2
124722,6,2
124728,6,2
124734,6,2
124740,6,2
124746,6,2
124752,6,2
124758,6,2
124764,6,2
124770,6,2
124776,6,2
124782,6,2
124788,6,2
124794,6,2
124800,6,2
124806,6,2
124812,6,2
124818,6,2
124824,6,2
124830,6,2
124836,6,2
124842,6,2
124848,6,2
124854,6,2
124860,6,2
124866,6,2
124872,6,2
124878,6,2
124884,6,2
124890,6,2
124896,6,2
124902,6,2
124908,6,2
124914,6,2
124920,6,2
124926,6,2
124932,6,2
124938,6,2
124944,6,2
124950,6,2
124956,6,2
124962,6,2
124968,6,2
124974,6,2
124980,6,2
124986,6,2
124992,6,2
124998,6,2
125004,6,2
125010,6,2
125016,6,2
125022,6,2
125028,6,2
125034,6,2
125040,6,2
125046,6,2
125052,6,2
125058,6,2
125064,6,2
125070,6,2
125076,6,2
125082,6,2
125088,6,2
125094,6,2
125100,6,2
125106,6,2
125112,6,2
125118,6,2
125124,6,2
125130,6,2
125136,6,2
125142,6,2
125148,6,2
125154,6,2
125160,6,2
125166,6,2
125172,6,2
125178,6,2
125184,6,2
125190,6,2
125196,6,2
125202,6,2
125208,6,2
125214,6,2
125220,6,2
125226,6,2
125232,6,2
125238,6,2
125244,6,2
125250,6,2
125256,6,2
125262,6,2
125268,6,2
125274,6,2
125280,6,2
125286,6,2
125292,6,2
125298,6,2
125304,6,2
125310,6,2
125316,6,2
125322,6,2
125328,6,2
125334,6,2
125340,6,2
125346,6,2
125352,6,2
125358,6,2
125364,6,2
125370,6,2
125376,6,2
125382,6,2
125388,6,2
125394,6,2
125400,6,2
125406,6,2
125412,6,2
125418,6,2
125424,6,2
125430,6,2
125436,6,2
125442,6,2
125448,6,2
125454,6,2
125460,6,2
125466,6,2
125472,6,2
125478,6,2
125484,6,2
125490,6,2
125496,6,2
125502,6,2
125508,6,2
125514,6,2
125520,6,2
125526,6,2
125532,6,2
125538,6,2
125544,6,2
125550,6,2
125556,6,2
125562,6,2
125568,6,2
125574,6,2
125580,6,2
125586,6,2
125592,6,2
125598,6,2
125604,6,2
125610,6,2
125616,6,2
125622,6,2
125628,6,2
125634,6,2
125640,6,2
125646,6,2
125652,6,2
125658,6,2
125664,6,2
125670,6,2
125676,6,2
125682,6,2
125688,6,2
125694,6,2
125700,6,2
125706,6,2
125712,6,2
125718,6,2
125724,6,2
125730,6,2
125736,6,2
125742,6,2
125748,6,2
125754,6,2
125760,6,2
125766,6,2
125772,6,2
125778,6,2
125784,6,2
125790,6,2
125796,6,2
125802,6,2
125808,6,2
125814,6,2
125820,6,2
125826,6,2
125832,6,2
125838,6,2
125844,6,2
125850,6,2
125856,6,2
125862,6,2
125868,6,2
125874,6,2
125880,6,2
125886,6,2
125892,6,2
125898,6,2
125904,6,2
125910,6,2
125916,6,2
125922,6,2
125928,6,2
125934,6,2
125940,6,2
125946,6,2
125952,6,2
125958,6,2
125964,6,2
125970,6,2
125976,6,2
125982,6,2
125988,6,2
125994,6,2
126000,6,2
126006,6,2
126012,6,2
126018,6,2
126024,6,2
126030,6,2
126036,6,2
126042,6,2
126048,6,2
126054,6,2
126060,6,2
126066,6,2
126072,6,2
126078,6,2
126084,6,2
126090,6,2
126096,6,2
126102,6,2
126108,6,2
126114,6,2
126120,6,2
126126,6,2
126132,6,2
126138,6,2
126144,6,2
126150,6,2
126156,6,2
126162,6,2
126168,6,2
126174,6,2
126180,6,2
126186,6,2
126192,6,2
126198,6,2
126204,6,2
126210,6,2
126216,6,2
126222,6,2
126228,6,2
126234,6,2
126240,6,2
126246,6,2
126252,6,2
126258,6,2
126264,6,2
126270,6,2
126276,6,2
126282,6,2
126288,6,2
126294,6,2
126300,6,2
126306,6,2
126312,6,2
126318,6,2
126324,6,2
126330,6,2
126336,6,2
126342,6,2
126348,6,2
126354,6,2
126360,6,2
126366,6,2
126372,6,2
126378,6,2
126384,6,2
126390,6,2
126396,6,2
126402,6,2
126408,6,2
126414,6,2
126420,6,2
126426,6,2
126432,6,2
126438,6,2
126444,6,2
126450,6,2
126456,6,2
126462,6,2
126468,6,2
126474,6,2
126480,6,2
126486,6,2
126492,6,2
126498,6,2
126504,6,2
126510,6,2
126516,6,2
126522,6,2
126528,6,2
126534,6,2
126540,6,2
126546,6,2
126552,6,2
126558,6,2
126564,6,2
126570,6,2
126576,6,2
126582,6,2
126588,6,2
126594,6,2
126600,6,2
126606,6,2
126612,6,2
126618,6,2
126624,6,2
126630,6,2
126636,6,2
126642,6,2
126648,6,2
126654,6,2
126660,6,2
126666,6,2
126672,6,2
126678,6,2
126684,6,2
126690,6,2
126696,6,2
126702,6,2
126708,6,2
126714,6,2
126720,6,2
126726,6,2
126732,6,2
126738,6,2
126744,6,2
126750,6,2
126756,6,2
126762,6,2
126768,6,2
126774,6,2
126780,6,2
126786,6,2
126792,6,2
126798,6,2
126804,6,2
126810,6,2
126816,6,2
126822,6,2
126828,6,2
126834,6,2
126840,6,2
126846,6,2
126852,6,2
126858,6,2
126864,6,2
126870,6,2
126876,6,2
126882,6,2
126888,6,2
126894,6,2
126900,6,2
126906,6,2
126912,6,2
126918,6,2
126924,6,2
126930,6,2
126936,6,2
126942,6,2
126948,6,2
126954,6,2
126960,6,2
126966,6,2
126972,6,2
126978,6,2
126984,6,2
126990,6,2
126996,6,2
127002,6,2
127008,6,2
127014,6,2
127020,6,2
127026,6,2
127032,6,2
127038,6,2
127044,6,2
127050,6,2
127056,6,2
127062,6,2
127068,6,2
127074,6,2
127080,6,2
127086,6,2
127092,6,2
127098,6,2
127104,6,2
127110,6,2
127116,6,2
127122,6,2
127128,6,2
127134,6,2
127140,6,2
127146,6,2
127152,6,2
127158,6,2
127164,6,2
127170,6,2
127176,6,2
127182,6,2
127188,6,2
127194,6,2
127200,6,2
127206,6,2
127212,6,2
127218,6,2
127224,6,2
127230,6,2
127236,6,2
127242,6,2
127248,6,2
127254,6,2
127260,6,2
127266,6,2
127272,6,2
127278,6,2
127284,6,2
127290,6,2
127296,6,2
127302,6,2
127308,6,2
127314,6,2
127320,6,2
127326,6,2
127332,6,2
127338,6,2
127344,6,2
127350,6,2
127356,6,2
127362,6,2
127368,6,2
127374,6,2
127380,6,2
127386,6,2
127392,6,2
127398,6,2
127404,6,2
127410,6,2
127416,6,2
127422,6,2
127428,6,2
127434,6,2
127440,6,2
127446,6,2
127452,6,2
127458,6,2
127464,6,2
127470,6,2
127476,6,2
127482,6,2
127488,6,2
127494,6,2
127500,6,2
127506,6,2
127512,6,2
127518,6,2
127524,6,2
127530,6,2
127536,6,2
127542,6,2
127548,6,2
127554,6,2
127560,6,2
127566,6,2
127572,6,2
127578,6,2
127584,6,2
127590,6,2
127596,6,2
127602,6,2
127608,6,2
127614,6,2
127620,6,2
127626,6,2
127632,6,2
127638,6,2
127644,6,2
127650,6,2
127656,6,2
127662,6,2
127668,6,2
127674,6,2
127680,6,2
127686,6,2
127692,6,2
127698,6,2
127704,6,2
127710,6,2
127716,6,2
127722,6,2
127728,6,2
127734,6,2
127740,6,2
127746,6,2
127752,6,2
127758,6,2
127764,6,2
127770,6,2
127776,6,2
127782,6,2
127788,6,2
127794,6,2
127800,6,2
127806,6,2
127812,6,2
127818,6,2
127824,6,2
127830,6,2
127836,6,2
127842,6,2
127848,6,2
127854,6,2
127860,6,2
127866,6,2
127872,6,2
127878,6,2
127884,6,2
127890,6,2
127896,6,2
127902,6,2
127908,6,2
127914,6,2
127920,6,2
127926,6,2
127932,6,2
127938,6,2
127944,6,2
127950,6,2
127956,6,2
127962,6,2
127968,6,2
127974,6,2
127980,6,2
127986,6,2
127992,6,2
127998,6,2
128004,6,2
128010,6,2
128016,6,2
128022,6,2
128028,6,2
128034,6,2
128040,6,2
128046,6,2
128052,6,2
128058,6,2
128064,6,2
128070,6,2
128076,6,2
128082,6,2
128088,6,2
128094,6,2
128100,6,2
128106,6,2
128112,6,2
128118,6,2
128124,6,2
128130,6,2
128136,6,2
128142,6,2
128148,6,2
128154,6,2
128160,6,2
128166,6,2
128172,6,2
128178,6,2
128184,6,2
128190,6,2
128196,6,2
128202,6,2
128208,6,2
128214,6,2
128220,6,2
128226,6,2
128232,6,2
128238,6,2
128244,6,2
128250,6,2
128256,6,2
128262,6,2
128268,6,2
128274,6,2
128280,6,2
128286,6,2
128292,6,2
128298,6,2
128304,6,2
128310,6,2
128316,6,2
128322,6,2
128328,6,2
128334,6,2
128340,6,2
128346,6,2
128352,6,2
128358,6,2
128364,6,2
128370,6,2
128376,6,2
128382,6,2
128388,6,2
128394,6,2
128400,6,2
128406,6,2
128412,6,2
128418,6,2
128424,6,2
128430,6,2
128436,6,2
128442,6,2
128448,6,2
128454,6,2
128460,6,2
128466,6,2
128472,6,2
128478,6,2
128484,6,2
128490,6,2
128496,6,2
128502,6,2
128508,6,2
128514,6,2
128520,6,2
128526,6,2
128532,6,2
128538,6,2
128544,6,2
128550,6,2
128556,6,2
128562,6,2
128568,6,2
128574,6,2
128580,6,2
128586,6,2
128592,6,2
128598,6,2
128604,6,2
128610,6,2
128616,6,2
128622,6,2
128628,6,2
128634,6,2
128640,6,2
128646,6,2
128652,6,2
128658,6,2
128664,6,2
128670,6,2
128676,6,2
128682,6,2
128688,6,2
128694,6,2
128700,6,2
128706,6,2
128712,6,2
128718,6,2
128724,6,2
128730,6,2
128736,6,2
128742,6,2
128748,6,2
128754,6,2
128760,6,2
128766,6,2
128772,6,2
128778,6,2
128784,6,2
128790,6,2
128796,6,2
128802,6,2
128808,6,2
128814,6,2
128820,6,2
128826,6,2
128832,6,2
128838,6,2
128844,6,2
128850,6,2
128856,6,2
128862,6,2
128868,6,2
128874,6,2
128880,6,2
128886,6,2
128892,6,2
128898,6,2
128904,6,2
128910,6,2
128916,6,2
128922,6,2
128928,6,2
128934,6,2
128940,6,2
128946,6,2
128952,6,2
128958,6,2
128964,6,2
128970,6,2
128976,6,2
128982,6,2
128988,6,2
128994,6,2
129000,6,2
129006,6,2
129012,6,2
129018,6,2
129024,6,2
129030,6,2
129036,6,2
129042,6,2
129048,6,2
129054,6,2
129060,6,2
129066,6,2
129072,6,2
129078,6,2
129084,6,2
129090,6,2
129096,6,2
129102,6,2
129108,6,2
129114,6,2
129120,6,2
129126,6,2
129132,6,2
129138,6,2
129144,6,2
129150,6,2
129156,6,2
129162,6,2
129168,6,2
129174,6,2
129180,6,2
129186,6,2
129192,6,2
129198,6,2
129204,6,2
129210,6,2
129216,6,2
129222,6,2
129228,6,2
129234,6,2
129240,6,2
129246,6,2
129252,6,2
129258,6,2
129264,6,2
129270,6,2
129276,6,2
129282,6,2
129288,6,2
129294,6,2
129300,6,2
129306,6,2
129312,6,2
129318,6,2
129324,6,2
129330,6,2
129336,6,2
129342,6,2
129348,6,2
129354,6,2
129360,6,2
129366,6,2
129372,6,2
129378,6,2
129384,6,2
129390,6,2
129396,6,2
129402,6,2
129408,6,2
129414,6,2
129420,6,2
129426,6,2
129432,6,2
129438,6,2
129444,6,2
129450,6,2
129456,6,2
129462,6,2
129468,6,2
129474,6,2
129480,6,2
129486,6,2
129492,6,2
129498,6,2
129504,6,2
129510,6,2
129516,6,2
129522,6,2
129528,6,2
129534,6,2
129540,6,2
129546,6,2
129552,6,2
129558,6,2
129564,6,2
129570,6,2
129576,6,2
129582,6,2
129588,6,2
129594,6,2
129600,6,2
129606,6,2
129612,6,2
129618,6,2
129624,6,2
129630,6,2
129636,6,2
129642,6,2
129648,6,2
129654,6,2
129660,6,2
129666,6,2
129672,6,2
129678,6,2
129684,6,2
129690,6,2
129696,6,2
129702,6,2
129708,6,2
129714,6,2
129720,6,2
129726,6,2
129732,6,2
129738,6,2
129744,6,2
129750,6,2
129756,6,2
129762,6,2
129768,6,2
129774,6,2
129780,6,2
129786,6,2
129792,6,2
129798,6,2
129804,6,2
129810,6,2
129816,6,2
129822,6,2
129828,6,2
129834,6,2
129840,6,2
129846,6,2
129852,6,2
129858,6,2
129864,6,2
129870,6,2
129876,6,2
129882,6,2
129888,6,2
129894,6,2
129900,6,2
129906,6,2
129912,6,2
129918,6,2
129924,6,2
129930,6,2
129936,6,2
129942,6,2
129948,6,2
129954,6,2
129960,6,2
129966,6,2
129972,6,2
129978,6,2
129984,6,2
129990,6,2
129996,6,2
130002,6,2
130008,6,2
130014,6,2
130020,6,2
130026,6,2
130032,6,2
130038,6,2
130044,6,2
130050,6,2
130056,6,2
130062,6,2
130068,6,2
130074,6,2
130080,6,2
130086,6,2
130092,6,2
130098,6,2
130104,6,2
130110,6,2
130116,6,2
130122,6,2
130128,6,2
130134,6,2
130140,6,2
130146,6,2
130152,6,2
130158,6,2
130164,6,2
130170,6,2
130176,6,2
130182,6,2
130188,6,2
130194,6,2
130200,6,2
130206,6,2
130212,6,2
130218,6,2
130224,6,2
130230,6,2
130236,6,2
130242,6,2
130248,6,2
130254,6,2
130260,6,2
130266,6,2
130272,6,2
130278,6,2
130284,6,2
130290,6,2
130296,6,2
130302,6,2
130308,6,2
130314,6,2
130320,6,2
130326,6,2
130332,6,2
130338,6,2
130344,6,2
130350,6,2
130356,6,2
130362,6,2
130368,6,2
130374,6,2
130380,6,2
130386,6,2
130392,6,2
130398,6,2
130404,6,2
130410,6,2
130416,6,2
130422,6,2
130428,6,2
130434,6,2
130440,6,2
130446,6,2
130452,6,2
130458,6,2
130464,6,2
130470,6,2
130476,6,2
130482,6,2
130488,6,2
130494,6,2
130500,6,2
130506,6,2
130512,6,2
130518,6,2
130524,6,2
130530,6,2
130536,6,2
130542,6,2
130548,6,2
130554,6,2
130560,6,2
130566,6,2
130572,6,2
130578,6,2
130584,6,2
130590,6,2
130596,6,2
130602,6,2
130608,6,2
130614,6,2
130620,6,2
130626,6,2
130632,6,2
130638,6,2
130644,6,2
130650,6,2
130656,6,2
130662,6,2
130668,6,2
130674,6,2
130680,6,2
130686,6,2
130692,6,2
130698,6,2
130704,6,2
130710,6,2
130716,6,2
130722,6,2
130728,6,2
130734,6,2
130740,6,2
130746,6,2
130752,6,2
130758,6,2
130764,6,2
130770,6,2
130776,6,2
130782,6,2
130788,6,2
130794,6,2
130800,6,2
130806,6,2
130812,6,2
130818,6,2
130824,6,2
130830,6,2
130836,6,2
130842,6,2
130848,6,2
130854,6,2
130860,6,2
130866,6,2
130872,6,2
130878,6,2
130884,6,2
130890,6,2
130896,6,2
130902,6,2
130908,6,2
130914,6,2
130920,6,2
130926,6,2
130932,6,2
130938,6,2
130944,6,2
130950,6,2
130956,6,2
130962,6,2
130968,6,2
130974,6,2
130980,6,2
130986,6,2
130992,6,2
130998,6,2
131004,6,2
131010,6,2
131016,6,2
131022,6,2
131028,6,2
131034,6,2
131040,6,2
131046,6,2
131052,6,2
131058,6,2
131064,6,2
131070,6,2
131076,6,2
131082,6,2
131088,6,2
131094,6,2
131100,6,2
131106,6,2
131112,6,2
131118,6,2
131124,6,2
131130,6,2
131136,6,2
131142,6,2
131148,6,2
131154,6,2
131160,6,2
131166,6,2
131172,6,2
131178,6,2
131184,6,2
131190,6,2
131196,6,2
131202,6,2
131208,6,2
131214,6,2
131220,6,2
131226,6,2
131232,6,2
131238,6,2
131244,6,2
131250,6,2
131256,6,2
131262,6,2
131268,6,2
131274,6,2
131280,6,2
131286,6,2
131292,6,2
131298,6,2
131304,6,2
131310,6,2
131316,6,2
131322,6,2
131328,6,2
131334,6,2
131340,6,2
131346,6,2
131352,6,2
131358,6,2
131364,6,2
131370,6,2
131376,6,2
131382,6,2
131388,6,2
131394,6,2
131400,6,2
131406,6,2
131412,6,2
131418,6,2
131424,6,2
131430,6,2
131436,6,2
131442,6,2
131448,6,2
131454,6,2
131460,6,2
131466,6,2
131472,6,2
131478,6,2
131484,6,2
131490,6,2
131496,6,2
131502,6,2
131508,6,2
131514,6,2
131520,6,2
131526,6,2
131532,6,2
131538,6,2
131544,6,2
131550,6,2
131556,6,2
131562,6,2
131568,6,2
131574,6,2
131580,6,2
131586,6,2
131592,6,2
131598,6,2
131604,6,2
131610,6,2
131616,6,2
131622,6,2
131628,6,2
131634,6,2
131640,6,2
131646,6,2
131652,6,2
131658,6,2
131664,6,2
131670,6,2
131676,6,2
131682,6,2
131688,6,2
131694,6,2
131700,6,2
131706,6,2
131712,6,2
131718,6,2
131724,6,2
131730,6,2
131736,6,2
131742,6,2
131748,6,2
131754,6,2
131760,6,2
131766,6,2
131772,6,2
131778,6,2
131784,6,2
131790,6,2
131796,6,2
131802,6,2
131808,6,2
131814,6,2
131820,6,2
131826,6,2
131832,6,2
131838,6,2
131844,6,2
131850,6,2
131856,6,2
131862,6,2
131868,6,2
131874,6,2
131880,6,2
131886,6,2
131892,6,2
131898,6,2
131904,6,2
131910,6,2
131916,6,2
131922,6,2
131928,6,2
131934,6,2
131940,6,2
131946,6,2
131952,6,2
131958,6,2
131964,6,2
131970,6,2
131976,6,2
131982,6,2
131988,6,2
131994,6,2
132000,6,2
132006,6,2
132012,6,2
132018,6,2
132024,6,2
132030,6,2
132036,6,2
132042,6,2
132048,6,2
132054,6,2
132060,6,2
132066,6,2
132072,6,2
132078,6,2
132084,6,2
132090,6,2
132096,6,2
132102,6,2
132108,6,2
132114,6,2
132120,6,2
132126,6,2
132132,6,2
132138,6,2
132144,6,2
132150,6,2
132156,6,2
132162,6,2
132168,6,2
132174,6,2
132180,6,2
132186,6,2
132192,6,2
132198,6,2
132204,6,2
132210,6,2
132216,6,2
132222,6,2
132228,6,2
132234,6,2
132240,6,2
132246,6,2
132252,6,2
132258,6,2
132264,6,2
132270,6,2
132276,6,2
132282,6,2
132288,6,2
132294,6,2
132300,6,2
132306,6,2
132312,6,2
132318,6,2
132324,6,2
132330,6,2
132336,6,2
132342,6,2
132348,6,2
132354,6,2
132360,6,2
132366,6,2
132372,6,2
132378,6,2
132384,6,2
132390,6,2
132396,6,2
132402,6,2
132408,6,2
132414,6,2
132420,6,2
132426,6,2
132432,6,2
132438,6,2
132444,6,2
132450,6,2
132456,6,2
132462,6,2
132468,6,2
132474,6,2
132480,6,2
132486,6,2
132492,6,2
132498,6,2
132504,6,2
132510,6,2
132516,6,2
132522,6,2
132528,6,2
132534,6,2
132540,6,2
132546,6,2
132552,6,2
132558,6,2
132564,6,2
132570,6,2
132576,6,2
132582,6,2
132588,6,2
132594,6,2
132600,6,2
132606,6,2
132612,6,2
132618,6,2
132624,6,2
132630,6,2
132636,6,2
132642,6,2
132648,6,2
132654,6,2
132660,6,2
132666,6,2
132672,6,2
132678,6,2
132684,6,2
132690,6,2
132696,6,2
132702,6,2
132708,6,2
132714,6,2
132720,6,2
132726,6,2
132732,6,2
132738,6,2
132744,6,2
132750,6,2
132756,6,2
132762,6,2
132768,6,2
132774,6,2
132780,6,2
132786,6,2
132792,6,2
132798,6,2
132804,6,2
132810,6,2
132816,6,2
132822,6,2
132828,6,2
132834,6,2
132840,6,2
132846,6,2
132852,6,2
132858,6,2
132864,6,2
132870,6,2
132876,6,2
132882,6,2
132888,6,2
132894,6,2
132900,6,2
132906,6,2
132912,6,2
132918,6,2
132924,6,2
132930,6,2
132936,6,2
132942,6,2
132948,6,2
132954,6,2
132960,6,2
132966,6,2
132972,6,2
132978,6,2
132984,6,2
132990,6,2
132996,6,2
133002,6,2
133008,6,2
133014,6,2
133020,6,2
133026,6,2
133032,6,2
133038,6,2
133044,6,2
133050,6,2
133056,6,2
133062,6,2
133068,6,2
133074,6,2
133080,6,2
133086,6,2
133092,6,2
133098,6,2
133104,6,2
133110,6,2
133116,6,2
133122,6,2
133128,6,2
133134,6,2
133140,6,2
133146,6,2
133152,6,2
133158,6,2
133164,6,2
133170,6,2
133176,6,2
133182,6,2
133188,6,2
133194,6,2
133200,6,2
133206,6,2
133212,6,2
133218,6,2
133224,6,2
133230,6,2
133236,6,2
133242,6,2
133248,6,2
133254,6,2
133260,6,2
133266,6,2
133272,6,2
133278,6,2
133284,6,2
133290,6,2
133296,6,2
133302,6,2
133308,6,2
133314,6,2
133320,6,2
133326,6,2
133332,6,2
133338,6,2
133344,6,2
133350,6,2
133356,6,2
133362,6,2
133368,6,2
133374,6,2
133380,6,2
133386,6,2
133392,6,2
133398,6,2
133404,6,2
133410,6,2
133416,6,2
133422,6,2
133428,6,2
133434,6,2
133440,6,2
133446,6,2
133452,6,2
133458,6,2
133464,6,2
133470,6,2
133476,6,2
133482,6,2
133488,6,2
133494,6,2
133500,6,2
133506,6,2
133512,6,2
133518,6,2
133524,6,2
133530,6,2
133536,6,2
133542,6,2
133548,6,2
133554,6,2
133560,6,2
133566,6,2
133572,6,2
133578,6,2
133584,6,2
133590,6,2
133596,6,2
133602,6,2
133608,6,2
133614,6,2
133620,6,2
133626,6,2
133632,6,2
133638,6,2
133644,6,2
133650,6,2
133656,6,2
133662,6,2
133668,6,2
133674,6,2
133680,6,2
133686,6,2
133692,6,2
133698,6,2
133704,6,2
133710,6,2
133716,6,2
133722,6,2
133728,6,2
133734,6,2
133740,6,2
133746,6,2
133752,6,2
133758,6,2
133764,6,2
133770,6,2
133776,6,2
133782,6,2
133788,6,2
133794,6,2
133800,6,2
133806,6,2
133812,6,2
133818,6,2
133824,6,2
133830,6,2
133836,6,2
133842,6,2
133848,6,2
133854,6,2
133860,6,2
133866,6,2
133872,6,2
133878,6,2
133884,6,2
133890,6,2
133896,6,2
133902,6,2
133908,6,2
133914,6,2
133920,6,2
133926,6,2
133932,6,2
133938,6,2
133944,6,2
133950,6,2
133956,6,2
133962,6,2
133968,6,2
133974,6,2
133980,6,2
133986,6,2
133992,6,2
133998,6,2
134004,6,2
134010,6,2
134016,6,2
134022,6,2
134028,6,2
134034,6,2
134040,6,2
134046,6,2
134052,6,2
134058,6,2
134064,6,2
134070,6,2
134076,6,2
134082,6,2
134088,6,2
134094,6,2
134100,6,2
134106,6,2
134112,6,2
134118,6,2
134124,6,2
134130,6,2
134136,6,2
134142,6,2
134148,6,2
134154,6,2
134160,6,2
134166,6,2
134172,6,2
134178,6,2
134184,6,2
134190,6,2
134196,6,2
134202,6,2
134208,6,2
134214,6,2
134220,6,2
134226,6,2
134232,6,2
134238,6,2
134244,6,2
134250,6,2
134256,6,2
134262,6,2
134268,6,2
134274,6,2
134280,6,2
134286,6,2
134292,6,2
134298,6,2
134304,6,2
134310,6,2
134316,6,2
134322,6,2
134328,6,2
134334,6,2
134340,6,2
134346,6,2
134352,6,2
134358,6,2
134364,6,2
134370,6,2
134376,6,2
134382,6,2
134388,6,2
134394,6,2
134400,6,2
134406,6,2
134412,6,2
134418,6,2
134424,6,2
134430,6,2
134436,6,2
134442,6,2
134448,6,2
134454,6,2
134460,6,2
134466,6,2
134472,6,2
134478,6,2
134484,6,2
134490,6,2
134496,6,2
134502,6,2
134508,6,2
134514,6,2
134520,6,2
134526,6,2
134532,6,2
134538,6,2
134544,6,2
134550,6,2
134556,6,2
134562,6,2
134568,6,2
134574,6,2
134580,6,2
134586,6,2
134592,6,2
134598,6,2
134604,6,2
134610,6,2
134616,6,2
134622,6,2
134628,6,2
134634,6,2
134640,6,2
134646,6,2
134652,6,2
134658,6,2
134664,6,2
134670,6,2
134676,6,2
134682,6,2
134688,6,2
134694,6,2
134700,6,2
134706,6,2
134712,6,2
134718,6,2
134724,6,2
134730,6,2
134736,6,2
134742,6,2
134748,6,2
134754,6,2
134760,6,2
134766,6,2
134772,6,2
134778,6,2
134784,6,2
134790,6,2
134796,6,2
134802,6,2
134808,6,2
134814,6,2
134820,6,2
134826,6,2
134832,6,2
134838,6,2
134844,6,2
134850,6,2
134856,6,2
134862,6,2
134868,6,2
134874,6,2
134880,6,2
134886,6,2
134892,6,2
134898,6,2
134904,6,2
134910,6,2
134916,6,2
134922,6,2
134928,6,2
134934,6,2
134940,6,2
134946,6,2
134952,6,2
134958,6,2
134964,6,2
134970,6,2
134976,6,2
134982,6,2
134988,6,2
134994,6,2
135000,6,2
135006,6,2
135012,6,2
135018,6,2
135024,6,2
135030,6,2
135036,6,2
135042,6,2
135048,6,2
135054,6,2
135060,6,2
135066,6,2
135072,6,2
135078,6,2
135084,6,2
135090,6,2
135096,6,2
135102,6,2
135108,6,2
135114,6,2
135120,6,2
135126,6,2
135132,6,2
135138,6,2
135144,6,2
135150,6,2
135156,6,2
135162,6,2
135168,6,2
135174,6,2
135180,6,2
135186,6,2
135192,6,2
135198,6,2
135204,6,2
135210,6,2
135216,6,2
135222,6,2
135228,6,2
135234,6,2
135240,6,2
135246,6,2
135252,6,2
135258,6,2
135264,6,2
135270,6,2
135276,6,2
135282,6,2
135288,6,2
135294,6,2
135300,6,2
135306,6,2
135312,6,2
135318,6,2
135324,6,2
135330,6,2
135336,6,2
135342,6,2
135348,6,2
135354,6,2
135360,6,2
135366,6,2
135372,6,2
135378,6,2
135384,6,2
135390,6,2
135396,6,2
135402,6,2
135408,6,2
135414,6,2
135420,6,2
135426,6,2
135432,6,2
135438,6,2
135444,6,2
135450,6,2
135456,6,2
135462,6,2
135468,6,2
135474,6,2
135480,6,2
135486,6,2
135492,6,2
135498,6,2
135504,6,2
135510,6,2
135516,6,2
135522,6,2
135528,6,2
135534,6,2
135540,6,2
135546,6,2
135552,6,2
135558,6,2
135564,6,2
135570,6,2
135576,6,2
135582,6,2
135588,6,2
135594,6,2
135600,6,2
135606,6,2
135612,6,2
135618,6,2
135624,6,2
135630,6,2
135636,6,2
135642,6,2
135648,6,2
135654,6,2
135660,6,2
135666,6,2
135672,6,2
135678,6,2
135684,6,2
135690,6,2
135696,6,2
135702,6,2
135708,6,2
135714,6,2
135720,6,2
135726,6,2
135732,6,2
135738,6,2
135744,6,2
135750,6,2
135756,6,2
135762,6,2
135768,6,2
135774,6,2
135780,6,2
135786,6,2
135792,6,2
135798,6,2
135804,6,2
135810,6,2
135816,6,2
135822,6,2
135828,6,2
135834,6,2
135840,6,2
135846,6,2
135852,6,2
135858,6,2
135864,6,2
135870,6,2
135876,6,2
135882,6,2
135888,6,2
135894,6,2
135900,6,2
135906,6,2
135912,6,2
135918,6,2
135924,6,2
135930,6,2
135936,6,2
135942,6,2
135948,6,2
135954,6,2
135960,6,2
135966,6,2
135972,6,2
135978,6,2
135984,6,2
135990,6,2
135996,6,2
136002,6,2
136008,6,2
136014,6,2
136020,6,2
136026,6,2
136032,6,2
136038,6,2
136044,6,2
136050,6,2
136056,6,2
136062,6,2
136068,6,2
136074,6,2
136080,6,2
136086,6,2
136092,6,2
136098,6,2
136104,6,2
136110,6,2
136116,6,2
136122,6,2
136128,6,2
136134,6,2
136140,6,2
136146,6,2
136152,6,2
136158,6,2
136164,6,2
136170,6,2
136176,6,2
136182,6,2
136188,6,2
136194,6,2
136200,6,2
136206,6,2
136212,6,2
136218,6,2
136224,6,2
136230,6,2
136236,6,2
136242,6,2
136248,6,2
136254,6,2
136260,6,2
136266,6,2
136272,6,2
136278,6,2
136284,6,2
136290,6,2
136296,6,2
136302,6,2
136308,6,2
136314,6,2
136320,6,2
136326,6,2
136332,6,2
136338,6,2
136344,6,2
136350,6,2
136356,6,2
136362,6,2
136368,6,2
136374,6,2
136380,6,2
136386,6,2
136392,6,2
136398,6,2
136404,6,2
136410,6,2
136416,6,2
136422,6,2
136428,6,2
136434,6,2
136440,6,2
136446,6,2
136452,6,2
136458,6,2
136464,6,2
136470,6,2
136476,6,2
136482,6,2
136488,6,2
136494,6,2
136500,6,2
136506,6,2
136512,6,2
136518,6,2
136524,6,2
136530,6,2
136536,6,2
136542,6,2
136548,6,2
136554,6,2
136560,6,2
136566,6,2
136572,6,2
136578,6,2
136584,6,2
136590,6,2
136596,6,2
136602,6,2
136608,6,2
136614,6,2
136620,6,2
136626,6,2
136632,6,2
136638,6,2
136644,6,2
136650,6,2
136656,6,2
136662,6,2
136668,6,2
136674,6,2
136680,6,2
136686,6,2
136692,6,2
136698,6,2
136704,6,2
136710,6,2
136716,6,2
136722,6,2
136728,6,2
136734,6,2
136740,6,2
136746,6,2
136752,6,2
136758,6,2
136764,6,2
136770,6,2
136776,6,2
136782,6,2
136788,6,2
136794,6,2
136800,6,2
136806,6,2
136812,6,2
136818,6,2
136824,6,2
136830,6,2
136836,6,2
136842,6,2
136848,6,2
136854,6,2
136860,6,2
136866,6,2
136872,6,2
136878,6,2
136884,6,2
136890,6,2
136896,6,2
136902,6,2
136908,6,2
136914,6,2
136920,6,2
136926,6,2
136932,6,2
136938,6,2
136944,6,2
136950,6,2
136956,6,2
136962,6,2
136968,6,2
136974,6,2
136980,6,2
136986,6,2
136992,6,2
136998,6,2
137004,6,2
137010,6,2
137016,6,2
137022,6,2
137028,6,2
137034,6,2
137040,6,2
137046,6,2
137052,6,2
137058,6,2
137064,6,2
137070,6,2
137076,6,2
137082,6,2
137088,6,2
137094,6,2
137100,6,2
137106,6,2
137112,6,2
137118,6,2
137124,6,2
137130,6,2
137136,6,2
137142,6,2
137148,6,2
137154,6,2
137160,6,2
137166,6,2
137172,6,2
137178,6,2
137184,6,2
137190,6,2
137196,6,2
137202,6,2
137208,6,2
137214,6,2
137220,6,2
137226,6,2
137232,6,2
137238,6,2
137244,6,2
137250,6,2
137256,6,2
137262,6,2
137268,6,2
137274,6,2
137280,6,2
137286,6,2
137292,6,2
137298,6,2
137304,6,2
137310,6,2
137316,6,2
137322,6,2
137328,6,2
137334,6,2
137340,6,2
137346,6,2
137352,6,2
137358,6,2
137364,6,2
137370,6,2
137376,6,2
137382,6,2
137388,6,2
137394,6,2
137400,6,2
137406,6,2
137412,6,2
137418,6,2
137424,6,2
137430,6,2
137436,6,2
137442,6,2
137448,6,2
137454,6,2
137460,6,2
137466,6,2
137472,6,2
137478,6,2
137484,6,2
137490,6,2
137496,6,2
137502,6,2
137508,6,2
137514,6,2
137520,6,2
137526,6,2
137532,6,2
137538,6,2
137544,6,2
137550,6,2
137556,6,2
137562,6,2
137568,6,2
137574,6,2
137580,6,2
137586,6,2
137592,6,2
137598,6,2
137604,6,2
137610,6,2
137616,6,2
137622,6,2
137628,6,2
137634,6,2
137640,6,2
137646,6,2
137652,6,2
137658,6,2
137664,6,2
137670,6,2
137676,6,2
137682,6,2
137688,6,2
137694,6,2
137700,6,2
137706,6,2
137712,6,2
137718,6,2
137724,6,2
137730,6,2
137736,6,2
137742,6,2
137748,6,2
137754,6,2
137760,6,2
137766,6,2
137772,6,2
137778,6,2
137784,6,2
137790,6,2
137796,6,2
137802,6,2
137808,6,2
137814,6,2
137820,6,2
137826,6,2
137832,6,2
137838,6,2
137844,6,2
137850,6,2
137856,6,2
137862,6,2
137868,6,2
137874,6,2
137880,6,2
137886,6,2
137892,6,2
137898,6,2
137904,6,2
137910,6,2
137916,6,2
137922,6,2
137928,6,2
137934,6,2
137940,6,2
137946,6,2
137952,6,2
137958,6,2
137964,6,2
137970,6,2
137976,6,2
137982,6,2
137988,6,2
137994,6,2
138000,6,2
138006,6,2
138012,6,2
138018,6,2
138024,6,2
138030,6,2
138036,6,2
138042,6,2
138048,6,2
138054,6,2
138060,6,2
138066,6,2
138072,6,2
138078,6,2
138084,6,2
138090,6,2
138096,6,2
138102,6,2
138108,6,2
138114,6,2
138120,6,2
138126,6,2
138132,6,2
138138,6,2
138144,6,2
138150,6,2
138156,6,2
138162,6,2
138168,6,2
138174,6,2
138180,6,2
138186,6,2
138192,6,2
138198,6,2
138204,6,2
138210,6,2
138216,6,2
138222,6,2
138228,6,2
138234,6,2
138240,6,2
138246,6,2
138252,6,2
138258,6,2
138264,6,2
138270,6,2
138276,6,2
138282,6,2
138288,6,2
138294,6,2
138300,6,2
138306,6,2
138312,6,2
138318,6,2
138324,6,2
138330,6,2
138336,6,2
138342,6,2
138348,6,2
138354,6,2
138360,6,2
138366,6,2
138372,6,2
138378,6,2
138384,6,2
138390,6,2
138396,6,2
138402,6,2
138408,6,2
138414,6,2
138420,6,2
138426,6,2
138432,6,2
138438,6,2
138444,6,2
138450,6,2
138456,6,2
138462,6,2
138468,6,2
138474,6,2
138480,6,2
138486,6,2
138492,6,2
138498,6,2
138504,6,2
138510,6,2
138516,6,2
138522,6,2
138528,6,2
138534,6,2
138540,6,2
138546,6,2
138552,6,2
138558,6,2
138564,6,2
138570,6,2
138576,6,2
138582,6,2
138588,6,2
138594,6,2
138600,6,2
138606,6,2
138612,6,2
138618,6,2
138624,6,2
138630,6,2
138636,6,2
138642,6,2
138648,6,2
138654,6,2
138660,6,2
138666,6,2
138672,6,2
138678,6,2
138684,6,2
138690,6,2
138696,6,2
138702,6,2
138708,6,2
138714,6,2
138720,6,2
138726,6,2
138732,6,2
138738,6,2
138744,6,2
138750,6,2
138756,6,2
138762,6,2
138768,6,2
138774,6,2
138780,6,2
138786,6,2
138792,6,2
138798,6,2
138804,6,2
138810,6,2
138816,6,2
138822,6,2
138828,6,2
138834,6,2
138840,6,2
138846,6,2
138852,6,2
138858,6,2
138864,6,2
138870,6,2
138876,6,2
138882,6,2
138888,6,2
138894,6,2
138900,6,2
138906,6,2
138912,6,2
138918,6,2
138924,6,2
138930,6,2
138936,6,2
138942,6,2
138948,6,2
138954,6,2
138960,6,2
138966,6,2
138972,6,2
138978,6,2
138984,6,2
138990,6,2
138996,6,2
139002,6,2
139008,6,2
139014,6,2
139020,6,2
139026,6,2
139032,6,2
139038,6,2
139044,6,2
139050,6,2
139056,6,2
139062,6,2
139068,6,2
139074,6,2
139080,6,2
139086,6,2
139092,6,2
139098,6,2
139104,6,2
139110,6,2
139116,6,2
139122,6,2
139128,6,2
139134,6,2
139140,6,2
139146,6,2
139152,6,2
139158,6,2
139164,6,2
139170,6,2
139176,6,2
139182,6,2
139188,6,2
139194,6,2
139200,6,2
139206,6,2
139212,6,2
139218,6,2
139224,6,2
139230,6,2
139236,6,2
139242,6,2
139248,6,2
139254,6,2
139260,6,2
139266,6,2
139272,6,2
139278,6,2
139284,6,2
139290,6,2
139296,6,2
139302,6,2
139308,6,2
139314,6,2
139320,6,2
139326,6,2
139332,6,2
139338,6,2
139344,6,2
139350,6,2
139356,6,2
139362,6,2
139368,6,2
139374,6,2
139380,6,2
139386,6,2
139392,6,2
139398,6,2
139404,6,2
139410,6,2
139416,6,2
139422,6,2
139428,6,2
139434,6,2
139440,6,2
139446,6,2
139452,6,2
139458,6,2
139464,6,2
139470,6,2
139476,6,2
139482,6,2
139488,6,2
139494,6,2
139500,6,2
139506,6,2
139512,6,2
139518,6,2
139524,6,2
139530,6,2
139536,6,2
139542,6,2
139548,6,2
139554,6,2
139560,6,2
139566,6,2
139572,6,2
139578,6,2
139584,6,2
139590,6,2
139596,6,2
139602,6,2
139608,6,2
139614,6,2
139620,6,2
139626,6,2
139632,6,2
139638,6,2
139644,6,2
139650,6,2
139656,6,2
139662,6,2
139668,6,2
139674,6,2
139680,6,2
139686,6,2
139692,6,2
139698,6,2
139704,6,2
139710,6,2
139716,6,2
139722,6,2
139728,6,2
139734,6,2
139740,6,2
139746,6,2
139752,6,2
139758,6,2
139764,6,2
139770,6,2
139776,6,2
139782,6,2
139788,6,2
139794,6,2
139800,6,2
139806,6,2
139812,6,2
139818,6,2
139824,6,2
139830,6,2
139836,6,2
139842,6,2
139848,6,2
139854,6,2
139860,6,2
139866,6,2
139872,6,2
139878,6,2
139884,6,2
139890,6,2
139896,6,2
139902,6,2
139908,6,2
139914,6,2
139920,6,2
139926,6,2
139932,6,2
139938,6,2
139944,6,2
139950,6,2
139956,6,2
139962,6,2
139968,6,2
139974,6,2
139980,6,2
139986,6,2
139992,6,2
139998,6,2
140004,6,2
140010,6,2
140016,6,2
140022,6,2
140028,6,2
140034,6,2
140040,6,2
140046,6,2
140052,6,2
140058,6,2
140064,6,2
140070,6,2
140076,6,2
140082,6,2
140088,6,2
140094,6,2
140100,6,2
140106,6,2
140112,6,2
140118,6,2
140124,6,2
140130,6,2
140136,6,2
140142,6,2
140148,6,2
140154,6,2
140160,6,2
140166,6,2
140172,6,2
140178,6,2
140184,6,2
140190,6,2
140196,6,2
140202,6,2
140208,6,2
140214,6,2
140220,6,2
140226,6,2
140232,6,2
140238,6,2
140244,6,2
140250,6,2
140256,6,2
140262,6,2
140268,6,2
140274,6,2
140280,6,2
140286,6,2
140292,6,2
140298,6,2
140304,6,2
140310,6,2
140316,6,2
140322,6,2
140328,6,2
140334,6,2
140340,6,2
140346,6,2
140352,6,2
140358,6,2
140364,6,2
140370,6,2
140376,6,2
140382,6,2
140388,6,2
140394,6,2
140400,6,2
140406,6,2
140412,6,2
140418,6,2
140424,6,2
140430,6,2
140436,6,2
140442,6,2
140448,6,2
140454,6,2
140460,6,2
140466,6,2
140472,6,2
140478,6,2
140484,6,2
140490,6,2
140496,6,2
140502,6,2
140508,6,2
140514,6,2
140520,6,2
140526,6,2
140532,6,2
140538,6,2
140544,6,2
140550,6,2
140556,6,2
140562,6,2
140568,6,2
140574,6,2
140580,6,2
140586,6,2
140592,6,2
140598,6,2
140604,6,2
140610,6,2
140616,6,2
140622,6,2
140628,6,2
140634,6,2
140640,6,2
140646,6,2
140652,6,2
140658,6,2
140664,6,2
140670,6,2
140676,6,2
140682,6,2
140688,6,2
140694,6,2
140700,6,2
140706,6,2
140712,6,2
140718,6,2
140724,6,2
140730,6,2
140736,6,2
140742,6,2
140748,6,2
140754,6,2
140760,6,2
140766,6,2
140772,6,2
140778,6,2
140784,6,2
140790,6,2
140796,6,2
140802,6,2
140808,6,2
140814,6,2
140820,6,2
140826,6,2
140832,6,2
140838,6,2
140844,6,2
140850,6,2
140856,6,2
140862,6,2
140868,6,2
140874,6,2
140880,6,2
140886,6,2
140892,6,2
140898,6,2
140904,6,2
140910,6,2
140916,6,2
140922,6,2
140928,6,2
140934,6,2
140940,6,2
140946,6,2
140952,6,2
140958,6,2
140964,6,2
140970,6,2
140976,6,2
140982,6,2
140988,6,2
140994,6,2
141000,6,2
141006,6,2
141012,6,2
141018,6,2
141024,6,2
141030,6,2
141036,6,2
141042,6,2
141048,6,2
141054,6,2
141060,6,2
141066,6,2
141072,6,2
141078,6,2
141084,6,2
141090,6,2
141096,6,2
141102,6,2
141108,6,2
141114,6,2
141120,6,2
141126,6,2
141132,6,2
141138,6,2
141144,6,2
141150,6,2
141156,6,2
141162,6,2
141168,6,2
141174,6,2
141180,6,2
141186,6,2
141192,6,2
141198,6,2
141204,6,2
141210,6,2
141216,6,2
141222,6,2
141228,6,2
141234,6,2
141240,6,2
141246,6,2
141252,6,2
141258,6,2
141264,6,2
141270,6,2
141276,6,2
141282,6,2
141288,6,2
141294,6,2
141300,6,2
141306,6,2
141312,6,2
141318,6,2
141324,6,2
141330,6,2
141336,6,2
141342,6,2
141348,6,2
141354,6,2
141360,6,2
141366,6,2
141372,6,2
141378,6,2
141384,6,2
141390,6,2
141396,6,2
141402,6,2
141408,6,2
141414,6,2
141420,6,2
141426,6,2
141432,6,2
141438,6,2
141444,6,2
141450,6,2
141456,6,2
141462,6,2
141468,6,2
141474,6,2
141480,6,2
141486,6,2
141492,6,2
141498,6,2
141504,6,2
141510,6,2
141516,6,2
141522,6,2
141528,6,2
141534,6,2
141540,6,2
141546,6,2
141552,6,2
141558,6,2
141564,6,2
141570,6,2
141576,6,2
141582,6,2
141588,6,2
141594,6,2
141600,6,2
141606,6,2
141612,6,2
141618,6,2
141624,6,2
141630,6,2
141636,6,2
141642,6,2
141648,6,2
141654,6,2
141660,6,2
141666,6,2
141672,6,2
141678,6,2
141684,6,2
141690,6,2
141696,6,2
141702,6,2
141708,6,2
141714,6,2
141720,6,2
141726,6,2
141732,6,2
141738,6,2
141744,6,2
141750,6,2
141756,6,2
141762,6,2
141768,6,2
141774,6,2
141780,6,2
141786,6,2
141792,6,2
141798,6,2
141804,6,2
141810,6,2
141816,6,2
141822,6,2
141828,6,2
141834,6,2
141840,6,2
141846,6,2
141852,6,2
141858,6,2
141864,6,2
141870,6,2
141876,6,2
141882,6,2
141888,6,2
141894,6,2
141900,6,2
141906,6,2
141912,6,2
141918,6,2
141924,6,2
141930,6,2
141936,6,2
141942,6,2
141948,6,2
141954,6,2
141960,6,2
141966,6,2
141972,6,2
141978,6,2
141984,6,2
141990,6,2
141996,6,2
142002,6,2
142008,6,2
142014,6,2
142020,6,2
142026,6,2
142032,6,2
142038,6,2
142044,6,2
142050,6,2
142056,6,2
142062,6,2
142068,6,2
142074,6,2
142080,6,2
142086,6,2
142092,6,2
142098,6,2
142104,6,2
142110,6,2
142116,6,2
142122,6,2
142128,6,2
142134,6,2
142140,6,2
142146,6,2
142152,6,2
142158,6,2
142164,6,2
142170,6,2
142176,6,2
142182,6,2
142188,6,2
142194,6,2
142200,6,2
142206,6,2
142212,6,2
142218,6,2
142224,6,2
142230,6,2
142236,6,2
142242,6,2
142248,6,2
142254,6,2
142260,6,2
142266,6,2
142272,6,2
142278,6,2
142284,6,2
142290,6,2
142296,6,2
142302,6,2
142308,6,2
142314,6,2
142320,6,2
142326,6,2
142332,6,2
142338,6,2
142344,6,2
142350,6,2
142356,6,2
142362,6,2
142368,6,2
142374,6,2
142380,6,2
142386,6,2
142392,6,2
142398,6,2
142404,6,2
142410,6,2
142416,6,2
142422,6,2
142428,6,2
142434,6,2
142440,6,2
142446,6,2
142452,6,2
142458,6,2
142464,6,2
142470,6,2
142476,6,2
142482,6,2
142488,6,2
142494,6,2
142500,6,2
142506,6,2
142512,6,2
142518,6,2
142524,6,2
142530,6,2
142536,6,2
142542,6,2
142548,6,2
142554,6,2
142560,6,2
142566,6,2
142572,6,2
142578,6,2
142584,6,2
142590,6,2
142596,6,2
142602,6,2
142608,6,2
142614,6,2
142620,6,2
142626,6,2
142632,6,2
142638,6,2
142644,6,2
142650,6,2
142656,6,2
142662,6,2
142668,6,2
142674,6,2
142680,6,2
142686,6,2
142692,6,2
142698,6,2
142704,6,2
142710,6,2
142716,6,2
142722,6,2
142728,6,2
142734,6,2
142740,6,2
142746,6,2
142752,6,2
142758,6,2
142764,6,2
142770,6,2
142776,6,2
142782,6,2
142788,6,2
142794,6,2
142800,6,2
142806,6,2
142812,6,2
142818,6,2
142824,6,2
142830,6,2
142836,6,2
142842,6,2
142848,6,2
142854,6,2
142860,6,2
142866,6,2
142872,6,2
142878,6,2
142884,6,2
142890,6,2
142896,6,2
142902,6,2
142908,6,2
142914,6,2
142920,6,2
142926,6,2
142932,6,2
142938,6,2
142944,6,2
142950,6,2
142956,6,2
142962,6,2
142968,6,2
142974,6,2
142980,6,2
142986,6,2
142992,6,2
142998,6,2
143004,6,2
143010,6,2
143016,6,2
143022,6,2
143028,6,2
143034,6,2
143040,6,2
143046,6,2
143052,6,2
143058,6,2
143064,6,2
143070,6,2
143076,6,2
143082,6,2
143088,6,2
143094,6,2
143100,6,2
143106,6,2
143112,6,2
143118,6,2
143124,6,2
143130,6,2
143136,6,2
143142,6,2
143148,6,2
143154,6,2
143160,6,2
143166,6,2
143172,6,2
143178,6,2
143184,6,2
143190,6,2
143196,6,2
143202,6,2
143208,6,2
143214,6,2
143220,6,2
143226,6,2
143232,6,2
143238,6,2
143244,6,2
143250,6,2
143256,6,2
143262,6,2
143268,6,2
143274,6,2
143280,6,2
143286,6,2
143292,6,2
143298,6,2
143304,6,2
143310,6,2
143316,6,2
143322,6,2
143328,6,2
143334,6,2
143340,6,2
143346,6,2
143352,6,2
143358,6,2
143364,6,2
143370,6,2
143376,6,2
143382,6,2
143388,6,2
143394,6,2
143400,6,2
143406,6,2
143412,6,2
143418,6,2
143424,6,2
143430,6,2
143436,6,2
143442,6,2
143448,6,2
143454,6,2
143460,6,2
143466,6,2
143472,6,2
143478,6,2
143484,6,2
143490,6,2
143496,6,2
143502,6,2
143508,6,2
143514,6,2
143520,6,2
143526,6,2
143532,6,2
143538,6,2
143544,6,2
143550,6,2
143556,6,2
143562,6,2
143568,6,2
143574,6,2
143580,6,2
143586,6,2
143592,6,2
143598,6,2
143604,6,2
143610,6,2
143616,6,2
143622,6,2
143628,6,2
143634,6,2
143640,6,2
143646,6,2
143652,6,2
143658,6,2
143664,6,2
143670,6,2
143676,6,2
143682,6,2
143688,6,2
143694,6,2
143700,6,2
143706,6,2
143712,6,2
143718,6,2
143724,6,2
143730,6,2
143736,6,2
143742,6,2
143748,6,2
143754,6,2
143760,6,2
143766,6,2
143772,6,2
143778,6,2
143784,6,2
143790,6,2
143796,6,2
143802,6,2
143808,6,2
143814,6,2
143820,6,2
143826,6,2
143832,6,2
143838,6,2
143844,6,2
143850,6,2
143856,6,2
143862,6,2
143868,6,2
143874,6,2
143880,6,2
143886,6,2
143892,6,2
143898,6,2
143904,6,2
143910,6,2
143916,6,2
143922,6,2
143928,6,2
143934,6,2
143940,6,2
143946,6,2
143952,6,2
143958,6,2
143964,6,2
143970,6,2
143976,6,2
143982,6,2
143988,6,2
143994,6,2
144000,6,2
144006,6,2
144012,6,2
144018,6,2
144024,6,2
144030,6,2
144036,6,2
144042,6,2
144048,6,2
144054,6,2
144060,6,2
144066,6,2
144072,6,2
144078,6,2
144084,6,2
144090,6,2
144096,6,2
144102,6,2
144108,6,2
144114,6,2
144120,6,2
144126,6,2
144132,6,2
144138,6,2
144144,6,2
144150,6,2
144156,6,2
144162,6,2
144168,6,2
144174,6,2
144180,6,2
144186,6,2
144192,6,2
144198,6,2
144204,6,2
144210,6,2
144216,6,2
144222,6,2
144228,6,2
144234,6,2
144240,6,2
144246,6,2
144252,6,2
144258,6,2
144264,6,2
144270,6,2
144276,6,2
144282,6,2
144288,6,2
144294,6,2
144300,6,2
144306,6,2
144312,6,2
144318,6,2
144324,6,2
144330,6,2
144336,6,2
144342,6,2
144348,6,2
144354,6,2
144360,6,2
144366,6,2
144372,6,2
144378,6,2
144384,6,2
144390,6,2
144396,6,2
144402,6,2
144408,6,2
144414,6,2
144420,6,2
144426,6,2
144432,6,2
144438,6,2
144444,6,2
144450,6,2
144456,6,2
144462,6,2
144468,6,2
144474,6,2
144480,6,2
144486,6,2
144492,6,2
144498,6,2
144504,6,2
144510,6,2
144516,6,2
144522,6,2
144528,6,2
144534,6,2
144540,6,2
144546,6,2
144552,6,2
144558,6,2
144564,6,2
144570,6,2
144576,6,2
144582,6,2
144588,6,2
144594,6,2
144600,6,2
144606,6,2
144612,6,2
144618,6,2
144624,6,2
144630,6,2
144636,6,2
144642,6,2
144648,6,2
144654,6,2
144660,6,2
144666,6,2
144672,6,2
144678,6,2
144684,6,2
144690,6,2
144696,6,2
144702,6,2
144708,6,2
144714,6,2
144720,6,2
144726,6,2
144732,6,2
144738,6,2
144744,6,2
144750,6,2
144756,6,2
144762,6,2
144768,6,2
144774,6,2
144780,6,2
144786,6,2
144792,6,2
144798,6,2
144804,6,2
144810,6,2
144816,6,2
144822,6,2
144828,6,2
144834,6,2
144840,6,2
144846,6,2
144852,6,2
144858,6,2
144864,6,2
144870,6,2
144876,6,2
144882,6,2
144888,6,2
144894,6,2
144900,6,2
144906,6,2
144912,6,2
144918,6,2
144924,6,2
144930,6,2
144936,6,2
144942,6,2
144948,6,2
144954,6,2
144960,6,2
144966,6,2
144972,6,2
144978,6,2
144984,6,2
144990,6,2
144996,6,2
145002,6,2
145008,6,2
145014,6,2
145020,6,2
145026,6,2
145032,6,2
145038,6,2
145044,6,2
145050,6,2
145056,6,2
145062,6,2
145068,6,2
145074,6,2
145080,6,2
145086,6,2
145092,6,2
145098,6,2
145104,6,2
145110,6,2
145116,6,2
145122,6,2
145128,6,2
145134,6,2
145140,6,2
145146,6,2
145152,6,2
145158,6,2
145164,6,2
145170,6,2
145176,6,2
145182,6,2
145188,6,2
145194,6,2
145200,6,2
145206,6,2
145212,6,2
145218,6,2
145224,6,2
145230,6,2
145236,6,2
145242,6,2
145248,6,2
145254,6,2
145260,6,2
145266,6,2
145272,6,2
145278,6,2
145284,6,2
145290,6,2
145296,6,2
145302,6,2
145308,6,2
145314,6,2
145320,6,2
145326,6,2
145332,6,2
145338,6,2
145344,6,2
145350,6,2
145356,6,2
145362,6,2
145368,6,2
145374,6,2
145380,6,2
145386,6,2
145392,6,2
145398,6,2
145404,6,2
145410,6,2
145416,6,2
145422,6,2
145428,6,2
145434,6,2
145440,6,2
145446,6,2
145452,6,2
145458,6,2
145464,6,2
145470,6,2
145476,6,2
145482,6,2
145488,6,2
145494,6,2
145500,6,2
145506,6,2
145512,6,2
145518,6,2
145524,6,2
145530,6,2
145536,6,2
145542,6,2
145548,6,2
145554,6,2
145560,6,2
145566,6,2
145572,6,2
145578,6,2
145584,6,2
145590,6,2
145596,6,2
145602,6,2
145608,6,2
145614,6,2
145620,6,2
145626,6,2
145632,6,2
145638,6,2
145644,6,2
145650,6,2
145656,6,2
145662,6,2
145668,6,2
145674,6,2
145680,6,2
145686,6,2
145692,6,2
145698,6,2
145704,6,2
145710,6,2
145716,6,2
145722,6,2
145728,6,2
145734,6,2
145740,6,2
145746,6,2
145752,6,2
145758,6,2
145764,6,2
145770,6,2
145776,6,2
145782,6,2
145788,6,2
145794,6,2
145800,6,2
145806,6,2
145812,6,2
145818,6,2
145824,6,2
145830,6,2
145836,6,2
145842,6,2
145848,6,2
145854,6,2
145860,6,2
145866,6,2
145872,6,2
145878,6,2
145884,6,2
145890,6,2
145896,6,2
145902,6,2
145908,6,2
145914,6,2
145920,6,2
145926,6,2
145932,6,2
145938,6,2
145944,6,2
145950,6,2
145956,6,2
145962,6,2
145968,6,2
145974,6,2
145980,6,2
145986,6,2
145992,6,2
145998,6,2
146004,6,2
146010,6,2
146016,6,2
146022,6,2
146028,6,2
146034,6,2
146040,6,2
146046,6,2
146052,6,2
146058,6,2
146064,6,2
146070,6,2
146076,6,2
146082,6,2
146088,6,2
146094,6,2
146100,6,2
146106,6,2
146112,6,2
146118,6,2
146124,6,2
146130,6,2
146136,6,2
146142,6,2
146148,6,2
146154,6,2
146160,6,2
146166,6,2
146172,6,2
146178,6,2
146184,6,2
146190,6,2
146196,6,2
146202,6,2
146208,6,2
146214,6,2
146220,6,2
146226,6,2
146232,6,2
146238,6,2
146244,6,2
146250,6,2
146256,6,2
146262,6,2
146268,6,2
146274,6,2
146280,6,2
146286,6,2
146292,6,2
146298,6,2
146304,6,2
146310,6,2
146316,6,2
146322,6,2
146328,6,2
146334,6,2
146340,6,2
146346,6,2
146352,6,2
146358,6,2
146364,6,2
146370,6,2
146376,6,2
146382,6,2
146388,6,2
146394,6,2
146400,6,2
146406,6,2
146412,6,2
146418,6,2
146424,6,2
146430,6,2
146436,6,2
146442,6,2
146448,6,2
146454,6,2
146460,6,2
146466,6,2
146472,6,2
146478,6,2
146484,6,2
146490,6,2
146496,6,2
146502,6,2
146508,6,2
146514,6,2
146520,6,2
146526,6,2
146532,6,2
146538,6,2
146544,6,2
146550,6,2
146556,6,2
146562,6,2
146568,6,2
146574,6,2
146580,6,2
146586,6,2
146592,6,2
146598,6,2
146604,6,2
146610,6,2
146616,6,2
146622,6,2
146628,6,2
146634,6,2
146640,6,2
146646,6,2
146652,6,2
146658,6,2
146664,6,2
146670,6,2
146676,6,2
146682,6,2
146688,6,2
146694,6,2
146700,6,2
146706,6,2
146712,6,2
146718,6,2
146724,6,2
146730,6,2
146736,6,2
146742,6,2
146748,6,2
146754,6,2
146760,6,2
146766,6,2
146772,6,2
146778,6,2
146784,6,2
146790,6,2
146796,6,2
146802,6,2
146808,6,2
146814,6,2
146820,6,2
146826,6,2
146832,6,2
146838,6,2
146844,6,2
146850,6,2
146856,6,2
146862,6,2
146868,6,2
146874,6,2
146880,6,2
146886,6,2
146892,6,2
146898,6,2
146904,6,2
146910,6,2
146916,6,2
146922,6,2
146928,6,2
146934,6,2
146940,6,2
146946,6,2
146952,6,2
146958,6,2
146964,6,2
146970,6,2
146976,6,2
146982,6,2
146988,6,2
146994,6,2
147000,6,2
147006,6,2
147012,6,2
147018,6,2
147024,6,2
147030,6,2
147036,6,2
147042,6,2
147048,6,2
147054,6,2
147060,6,2
147066,6,2
147072,6,2
147078,6,2
147084,6,2
147090,6,2
147096,6,2
147102,6,2
147108,6,2
147114,6,2
147120,6,2
147126,6,2
147132,6,2
147138,6,2
147144,6,2
147150,6,2
147156,6,2
147162,6,2
147168,6,2
147174,6,2
147180,6,2
147186,6,2
147192,6,2
147198,6,2
147204,6,2
147210,6,2
147216,6,2
147222,6,2
147228,6,2
147234,6,2
147240,6,2
147246,6,2
147252,6,2
147258,6,2
147264,6,2
147270,6,2
147276,6,2
147282,6,2
147288,6,2
147294,6,2
147300,6,2
147306,6,2
147312,6,2
147318,6,2
147324,6,2
147330,6,2
147336,6,2
147342,6,2
147348,6,2
147354,6,2
147360,6,2
147366,6,2
147372,6,2
147378,6,2
147384,6,2
147390,6,2
147396,6,2
147402,6,2
147408,6,2
147414,6,2
147420,6,2
147426,6,2
147432,6,2
147438,6,2
147444,6,2
147450,6,2
